Start with the file ../data/square_lattice.dat

Graph (V,E) with |V|= 25 and diameter = 8

Coordinates: 
vertex 1 : 0 0
vertex 2 : 1 0
vertex 3 : 2 0
vertex 4 : 3 0
vertex 5 : 4 0
vertex 6 : 0 1
vertex 7 : 1 1
vertex 8 : 2 1
vertex 9 : 3 1
vertex 10 : 4 1
vertex 11 : 0 2
vertex 12 : 1 2
vertex 13 : 2 2
vertex 14 : 3 2
vertex 15 : 4 2
vertex 16 : 0 3
vertex 17 : 1 3
vertex 18 : 2 3
vertex 19 : 3 3
vertex 20 : 4 3
vertex 21 : 0 4
vertex 22 : 1 4
vertex 23 : 2 4
vertex 24 : 3 4
vertex 25 : 4 4

Distances: 
  0   1   2   3   4   1 1.41421 2.23607 3.16228 4.12311   2 2.23607 2.82843 3.60555 4.47214   3 3.16228 3.60555 4.24264   5   4 4.12311 4.47214   5 5.65685 
  1   0   1   2   3 1.41421   1 1.41421 2.23607 3.16228 2.23607   2 2.23607 2.82843 3.60555 3.16228   3 3.16228 3.60555 4.24264 4.12311   4 4.12311 4.47214   5 
  2   1   0   1   2 2.23607 1.41421   1 1.41421 2.23607 2.82843 2.23607   2 2.23607 2.82843 3.60555 3.16228   3 3.16228 3.60555 4.47214 4.12311   4 4.12311 4.47214 
  3   2   1   0   1 3.16228 2.23607 1.41421   1 1.41421 3.60555 2.82843 2.23607   2 2.23607 4.24264 3.60555 3.16228   3 3.16228   5 4.47214 4.12311   4 4.12311 
  4   3   2   1   0 4.12311 3.16228 2.23607 1.41421   1 4.47214 3.60555 2.82843 2.23607   2   5 4.24264 3.60555 3.16228   3 5.65685   5 4.47214 4.12311   4 
  1 1.41421 2.23607 3.16228 4.12311   0   1   2   3   4   1 1.41421 2.23607 3.16228 4.12311   2 2.23607 2.82843 3.60555 4.47214   3 3.16228 3.60555 4.24264   5 
1.41421   1 1.41421 2.23607 3.16228   1   0   1   2   3 1.41421   1 1.41421 2.23607 3.16228 2.23607   2 2.23607 2.82843 3.60555 3.16228   3 3.16228 3.60555 4.24264 
2.23607 1.41421   1 1.41421 2.23607   2   1   0   1   2 2.23607 1.41421   1 1.41421 2.23607 2.82843 2.23607   2 2.23607 2.82843 3.60555 3.16228   3 3.16228 3.60555 
3.16228 2.23607 1.41421   1 1.41421   3   2   1   0   1 3.16228 2.23607 1.41421   1 1.41421 3.60555 2.82843 2.23607   2 2.23607 4.24264 3.60555 3.16228   3 3.16228 
4.12311 3.16228 2.23607 1.41421   1   4   3   2   1   0 4.12311 3.16228 2.23607 1.41421   1 4.47214 3.60555 2.82843 2.23607   2   5 4.24264 3.60555 3.16228   3 
  2 2.23607 2.82843 3.60555 4.47214   1 1.41421 2.23607 3.16228 4.12311   0   1   2   3   4   1 1.41421 2.23607 3.16228 4.12311   2 2.23607 2.82843 3.60555 4.47214 
2.23607   2 2.23607 2.82843 3.60555 1.41421   1 1.41421 2.23607 3.16228   1   0   1   2   3 1.41421   1 1.41421 2.23607 3.16228 2.23607   2 2.23607 2.82843 3.60555 
2.82843 2.23607   2 2.23607 2.82843 2.23607 1.41421   1 1.41421 2.23607   2   1   0   1   2 2.23607 1.41421   1 1.41421 2.23607 2.82843 2.23607   2 2.23607 2.82843 
3.60555 2.82843 2.23607   2 2.23607 3.16228 2.23607 1.41421   1 1.41421   3   2   1   0   1 3.16228 2.23607 1.41421   1 1.41421 3.60555 2.82843 2.23607   2 2.23607 
4.47214 3.60555 2.82843 2.23607   2 4.12311 3.16228 2.23607 1.41421   1   4   3   2   1   0 4.12311 3.16228 2.23607 1.41421   1 4.47214 3.60555 2.82843 2.23607   2 
  3 3.16228 3.60555 4.24264   5   2 2.23607 2.82843 3.60555 4.47214   1 1.41421 2.23607 3.16228 4.12311   0   1   2   3   4   1 1.41421 2.23607 3.16228 4.12311 
3.16228   3 3.16228 3.60555 4.24264 2.23607   2 2.23607 2.82843 3.60555 1.41421   1 1.41421 2.23607 3.16228   1   0   1   2   3 1.41421   1 1.41421 2.23607 3.16228 
3.60555 3.16228   3 3.16228 3.60555 2.82843 2.23607   2 2.23607 2.82843 2.23607 1.41421   1 1.41421 2.23607   2   1   0   1   2 2.23607 1.41421   1 1.41421 2.23607 
4.24264 3.60555 3.16228   3 3.16228 3.60555 2.82843 2.23607   2 2.23607 3.16228 2.23607 1.41421   1 1.41421   3   2   1   0   1 3.16228 2.23607 1.41421   1 1.41421 
  5 4.24264 3.60555 3.16228   3 4.47214 3.60555 2.82843 2.23607   2 4.12311 3.16228 2.23607 1.41421   1   4   3   2   1   0 4.12311 3.16228 2.23607 1.41421   1 
  4 4.12311 4.47214   5 5.65685   3 3.16228 3.60555 4.24264   5   2 2.23607 2.82843 3.60555 4.47214   1 1.41421 2.23607 3.16228 4.12311   0   1   2   3   4 
4.12311   4 4.12311 4.47214   5 3.16228   3 3.16228 3.60555 4.24264 2.23607   2 2.23607 2.82843 3.60555 1.41421   1 1.41421 2.23607 3.16228   1   0   1   2   3 
4.47214 4.12311   4 4.12311 4.47214 3.60555 3.16228   3 3.16228 3.60555 2.82843 2.23607   2 2.23607 2.82843 2.23607 1.41421   1 1.41421 2.23607   2   1   0   1   2 
  5 4.47214 4.12311   4 4.12311 4.24264 3.60555 3.16228   3 3.16228 3.60555 2.82843 2.23607   2 2.23607 3.16228 2.23607 1.41421   1 1.41421   3   2   1   0   1 
5.65685   5 4.47214 4.12311   4   5 4.24264 3.60555 3.16228   3 4.47214 3.60555 2.82843 2.23607   2 4.12311 3.16228 2.23607 1.41421   1   4   3   2   1   0 
d: 
  3   2   1   0   0   2   1   0   0   0   1   0   0   0   0   0   0   0   0   0   0   0   0   0   0 
  2   3   2   1   0   1   2   1   0   0   0   1   0   0   0   0   0   0   0   0   0   0   0   0   0 
  1   2   3   2   1   0   1   2   1   0   0   0   1   0   0   0   0   0   0   0   0   0   0   0   0 
  0   1   2   3   2   0   0   1   2   1   0   0   0   1   0   0   0   0   0   0   0   0   0   0   0 
  0   0   1   2   3   0   0   0   1   2   0   0   0   0   1   0   0   0   0   0   0   0   0   0   0 
  2   1   0   0   0   3   2   1   0   0   2   1   0   0   0   1   0   0   0   0   0   0   0   0   0 
  1   2   1   0   0   2   3   2   1   0   1   2   1   0   0   0   1   0   0   0   0   0   0   0   0 
  0   1   2   1   0   1   2   3   2   1   0   1   2   1   0   0   0   1   0   0   0   0   0   0   0 
  0   0   1   2   1   0   1   2   3   2   0   0   1   2   1   0   0   0   1   0   0   0   0   0   0 
  0   0   0   1   2   0   0   1   2   3   0   0   0   1   2   0   0   0   0   1   0   0   0   0   0 
  1   0   0   0   0   2   1   0   0   0   3   2   1   0   0   2   1   0   0   0   1   0   0   0   0 
  0   1   0   0   0   1   2   1   0   0   2   3   2   1   0   1   2   1   0   0   0   1   0   0   0 
  0   0   1   0   0   0   1   2   1   0   1   2   3   2   1   0   1   2   1   0   0   0   1   0   0 
  0   0   0   1   0   0   0   1   2   1   0   1   2   3   2   0   0   1   2   1   0   0   0   1   0 
  0   0   0   0   1   0   0   0   1   2   0   0   1   2   3   0   0   0   1   2   0   0   0   0   1 
  0   0   0   0   0   1   0   0   0   0   2   1   0   0   0   3   2   1   0   0   2   1   0   0   0 
  0   0   0   0   0   0   1   0   0   0   1   2   1   0   0   2   3   2   1   0   1   2   1   0   0 
  0   0   0   0   0   0   0   1   0   0   0   1   2   1   0   1   2   3   2   1   0   1   2   1   0 
  0   0   0   0   0   0   0   0   1   0   0   0   1   2   1   0   1   2   3   2   0   0   1   2   1 
  0   0   0   0   0   0   0   0   0   1   0   0   0   1   2   0   0   1   2   3   0   0   0   1   2 
  0   0   0   0   0   0   0   0   0   0   1   0   0   0   0   2   1   0   0   0   3   2   1   0   0 
  0   0   0   0   0   0   0   0   0   0   0   1   0   0   0   1   2   1   0   0   2   3   2   1   0 
  0   0   0   0   0   0   0   0   0   0   0   0   1   0   0   0   1   2   1   0   1   2   3   2   1 
  0   0   0   0   0   0   0   0   0   0   0   0   0   1   0   0   0   1   2   1   0   1   2   3   2 
  0   0   0   0   0   0   0   0   0   0   0   0   0   0   1   0   0   0   1   2   0   0   1   2   3 

max distance : 9
Number of variables 326
Tried aggregator 1 time.
MIP Presolve eliminated 26 rows and 1 columns.
Reduced MIP has 625 rows, 326 columns, and 1850 nonzeros.
Reduced MIP has 300 binaries, 0 generals, 0 SOSs, and 0 indicators.
Probing fixed 0 vars, tightened 1 bounds.
Probing time =    0.00 sec.
Tried aggregator 1 time.
Presolve time =    0.00 sec.
Found feasible solution after 0.01 sec.  Objective = 75.0000
Probing time =    0.00 sec.
MIP emphasis: balance optimality and feasibility.
MIP search method: dynamic search.
Parallel mode: deterministic, using up to 4 threads.
Root relaxation solution time =    0.00 sec.

        Nodes                                         Cuts/
   Node  Left     Objective  IInf  Best Integer    Best Bound    ItCnt     Gap

*     0+    0                           75.0000                    102     --- 
      0     0        2.0000   102       75.0000        2.0000      102   97.33%
*     0+    0                           40.0000        2.0000      102   95.00%
      0     0        2.0000    86       40.0000      Cuts: 70      195   95.00%
      0     0        2.0000    93       40.0000     Cuts: 256      343   95.00%
      0     0        2.0000    92       40.0000     Cuts: 256      480   95.00%
*     0+    0                           13.0000        2.0000      480   84.62%
      0     2        2.0000    92       13.0000        2.0000      480   84.62%
Elapsed time =   0.14 sec. (tree size =  0.01 MB, solutions = 3)
*    48+   48                           11.0000        2.0000     2723   81.82%
*   112+  112                           10.0000        2.0000     3596   80.00%
*   160+  158                            9.0000        2.0000     3916   77.78%
*   498+  417                            8.0000        2.5000     8247   68.75%
    905   642        7.0000     7        8.0000        3.0000    13902   62.50%
   2414  1647        2.5000    93        8.0000        3.0002    36883   62.50%
   3205  1477        6.0000    23        8.0000        3.0002    48297   62.50%
   4610  1622        7.0000    11        8.0000        3.2000    70365   60.00%
   6144  2272        6.0000    14        8.0000        4.0000    93617   50.00%
*  6306+ 2360                            8.0000        4.0000    96546   50.00%
   6684  2550        cutoff              8.0000        4.0000   102626   50.00%
   6847  2634        6.0000    20        8.0000        4.0000   104930   50.00%
*  7983  3150      integral     0        7.0000        4.0000   123853   42.86%
   9232  2096        4.0000    33        7.0000        4.0000   144909   42.86%
* 10183+ 2459                            7.0000        4.0000   161952   42.86%
  15099  3854        5.0000    30        7.0000        5.0000   238413   28.57%
Elapsed time =   8.96 sec. (tree size =  1.35 MB, solutions = 12)
  21661  5069        5.0000    19        7.0000        5.0000   325944   28.57%
  28287  6347        5.0000    25        7.0000        5.0000   416754   28.57%
  34744  7527        6.0000    14        7.0000        5.0000   507114   28.57%
  39526  8458        5.5122    22        7.0000        5.0000   575354   28.57%
  46895  8441        cutoff              7.0000        6.0000   664715   14.29%
* 47242  8224      integral     0        6.0000        6.0000   669438    0.00%

Cover cuts applied:  6
Implied bound cuts applied:  277
Flow cuts applied:  93
Mixed integer rounding cuts applied:  208
Gomory fractional cuts applied:  23

Root node processing (before b&c):
  Real time             =    0.13
Parallel b&c, 4 threads:
  Real time             =   22.82
  Sync time (average)   =    0.01
  Wait time (average)   =    0.00
                          -------
Total (root+branch&cut) =   22.95 sec.
STATUS : Optimal
Solution status = Optimal
time with cplex.getTime() 22.95
 Number of constraints = 651
Solution value  = 6
c(0)=4 c(1)=6 c(2)=1 c(3)=3 c(4)=5 c(5)=0 c(6)=2 c(7)=4 c(8)=6 c(9)=1 c(10)=3 c(11)=5 c(12)=0 c(13)=2 c(14)=4 c(15)=6 c(16)=1 c(17)=3 c(18)=5 c(19)=0 c(20)=2 c(21)=4 c(22)=6 c(23)=1 c(24)=3 
22.95user 0.18system 0:07.17elapsed 322%CPU (0avgtext+0avgdata 60948maxresident)k
0inputs+11104outputs (0major+15705minor)pagefaults 0swaps
