 numAddVar 300

Graph (V,E) with |V|= 25 and diameter = 8

Coordinates: 
vertex 1 : 0 0
vertex 2 : 1 0
vertex 3 : 2 0
vertex 4 : 3 0
vertex 5 : 4 0
vertex 6 : 0 1
vertex 7 : 1 1
vertex 8 : 2 1
vertex 9 : 3 1
vertex 10 : 4 1
vertex 11 : 0 2
vertex 12 : 1 2
vertex 13 : 2 2
vertex 14 : 3 2
vertex 15 : 4 2
vertex 16 : 0 3
vertex 17 : 1 3
vertex 18 : 2 3
vertex 19 : 3 3
vertex 20 : 4 3
vertex 21 : 0 4
vertex 22 : 1 4
vertex 23 : 2 4
vertex 24 : 3 4
vertex 25 : 4 4

Distances: 
  0   1   2   3   4   1 1.41421 2.23607 3.16228 4.12311   2 2.23607 2.82843 3.60555 4.47214   3 3.16228 3.60555 4.24264   5   4 4.12311 4.47214   5 5.65685 
  1   0   1   2   3 1.41421   1 1.41421 2.23607 3.16228 2.23607   2 2.23607 2.82843 3.60555 3.16228   3 3.16228 3.60555 4.24264 4.12311   4 4.12311 4.47214   5 
  2   1   0   1   2 2.23607 1.41421   1 1.41421 2.23607 2.82843 2.23607   2 2.23607 2.82843 3.60555 3.16228   3 3.16228 3.60555 4.47214 4.12311   4 4.12311 4.47214 
  3   2   1   0   1 3.16228 2.23607 1.41421   1 1.41421 3.60555 2.82843 2.23607   2 2.23607 4.24264 3.60555 3.16228   3 3.16228   5 4.47214 4.12311   4 4.12311 
  4   3   2   1   0 4.12311 3.16228 2.23607 1.41421   1 4.47214 3.60555 2.82843 2.23607   2   5 4.24264 3.60555 3.16228   3 5.65685   5 4.47214 4.12311   4 
  1 1.41421 2.23607 3.16228 4.12311   0   1   2   3   4   1 1.41421 2.23607 3.16228 4.12311   2 2.23607 2.82843 3.60555 4.47214   3 3.16228 3.60555 4.24264   5 
1.41421   1 1.41421 2.23607 3.16228   1   0   1   2   3 1.41421   1 1.41421 2.23607 3.16228 2.23607   2 2.23607 2.82843 3.60555 3.16228   3 3.16228 3.60555 4.24264 
2.23607 1.41421   1 1.41421 2.23607   2   1   0   1   2 2.23607 1.41421   1 1.41421 2.23607 2.82843 2.23607   2 2.23607 2.82843 3.60555 3.16228   3 3.16228 3.60555 
3.16228 2.23607 1.41421   1 1.41421   3   2   1   0   1 3.16228 2.23607 1.41421   1 1.41421 3.60555 2.82843 2.23607   2 2.23607 4.24264 3.60555 3.16228   3 3.16228 
4.12311 3.16228 2.23607 1.41421   1   4   3   2   1   0 4.12311 3.16228 2.23607 1.41421   1 4.47214 3.60555 2.82843 2.23607   2   5 4.24264 3.60555 3.16228   3 
  2 2.23607 2.82843 3.60555 4.47214   1 1.41421 2.23607 3.16228 4.12311   0   1   2   3   4   1 1.41421 2.23607 3.16228 4.12311   2 2.23607 2.82843 3.60555 4.47214 
2.23607   2 2.23607 2.82843 3.60555 1.41421   1 1.41421 2.23607 3.16228   1   0   1   2   3 1.41421   1 1.41421 2.23607 3.16228 2.23607   2 2.23607 2.82843 3.60555 
2.82843 2.23607   2 2.23607 2.82843 2.23607 1.41421   1 1.41421 2.23607   2   1   0   1   2 2.23607 1.41421   1 1.41421 2.23607 2.82843 2.23607   2 2.23607 2.82843 
3.60555 2.82843 2.23607   2 2.23607 3.16228 2.23607 1.41421   1 1.41421   3   2   1   0   1 3.16228 2.23607 1.41421   1 1.41421 3.60555 2.82843 2.23607   2 2.23607 
4.47214 3.60555 2.82843 2.23607   2 4.12311 3.16228 2.23607 1.41421   1   4   3   2   1   0 4.12311 3.16228 2.23607 1.41421   1 4.47214 3.60555 2.82843 2.23607   2 
  3 3.16228 3.60555 4.24264   5   2 2.23607 2.82843 3.60555 4.47214   1 1.41421 2.23607 3.16228 4.12311   0   1   2   3   4   1 1.41421 2.23607 3.16228 4.12311 
3.16228   3 3.16228 3.60555 4.24264 2.23607   2 2.23607 2.82843 3.60555 1.41421   1 1.41421 2.23607 3.16228   1   0   1   2   3 1.41421   1 1.41421 2.23607 3.16228 
3.60555 3.16228   3 3.16228 3.60555 2.82843 2.23607   2 2.23607 2.82843 2.23607 1.41421   1 1.41421 2.23607   2   1   0   1   2 2.23607 1.41421   1 1.41421 2.23607 
4.24264 3.60555 3.16228   3 3.16228 3.60555 2.82843 2.23607   2 2.23607 3.16228 2.23607 1.41421   1 1.41421   3   2   1   0   1 3.16228 2.23607 1.41421   1 1.41421 
  5 4.24264 3.60555 3.16228   3 4.47214 3.60555 2.82843 2.23607   2 4.12311 3.16228 2.23607 1.41421   1   4   3   2   1   0 4.12311 3.16228 2.23607 1.41421   1 
  4 4.12311 4.47214   5 5.65685   3 3.16228 3.60555 4.24264   5   2 2.23607 2.82843 3.60555 4.47214   1 1.41421 2.23607 3.16228 4.12311   0   1   2   3   4 
4.12311   4 4.12311 4.47214   5 3.16228   3 3.16228 3.60555 4.24264 2.23607   2 2.23607 2.82843 3.60555 1.41421   1 1.41421 2.23607 3.16228   1   0   1   2   3 
4.47214 4.12311   4 4.12311 4.47214 3.60555 3.16228   3 3.16228 3.60555 2.82843 2.23607   2 2.23607 2.82843 2.23607 1.41421   1 1.41421 2.23607   2   1   0   1   2 
  5 4.47214 4.12311   4 4.12311 4.24264 3.60555 3.16228   3 3.16228 3.60555 2.82843 2.23607   2 2.23607 3.16228 2.23607 1.41421   1 1.41421   3   2   1   0   1 
5.65685   5 4.47214 4.12311   4   5 4.24264 3.60555 3.16228   3 4.47214 3.60555 2.82843 2.23607   2 4.12311 3.16228 2.23607 1.41421   1   4   3   2   1   0 
d: 
  0   2   1   0   0   2 1.58579 0.763932   0   0   1 0.763932 0.171573   0   0   0   0   0   0   0   0   0   0   0   0 
  2   0   2   1   0 1.58579   2 1.58579 0.763932   0 0.763932   1 0.763932 0.171573   0   0   0   0   0   0   0   0   0   0   0 
  1   2   0   2   1 0.763932 1.58579   2 1.58579 0.763932 0.171573 0.763932   1 0.763932 0.171573   0   0   0   0   0   0   0   0   0   0 
  0   1   2   0   2   0 0.763932 1.58579   2 1.58579   0 0.171573 0.763932   1 0.763932   0   0   0   0   0   0   0   0   0   0 
  0   0   1   2   0   0   0 0.763932 1.58579   2   0   0 0.171573 0.763932   1   0   0   0   0   0   0   0   0   0   0 
  2 1.58579 0.763932   0   0   0   2   1   0   0   2 1.58579 0.763932   0   0   1 0.763932 0.171573   0   0   0   0   0   0   0 
1.58579   2 1.58579 0.763932   0   2   0   2   1   0 1.58579   2 1.58579 0.763932   0 0.763932   1 0.763932 0.171573   0   0   0   0   0   0 
0.763932 1.58579   2 1.58579 0.763932   1   2   0   2   1 0.763932 1.58579   2 1.58579 0.763932 0.171573 0.763932   1 0.763932 0.171573   0   0   0   0   0 
  0 0.763932 1.58579   2 1.58579   0   1   2   0   2   0 0.763932 1.58579   2 1.58579   0 0.171573 0.763932   1 0.763932   0   0   0   0   0 
  0   0 0.763932 1.58579   2   0   0   1   2   0   0   0 0.763932 1.58579   2   0   0 0.171573 0.763932   1   0   0   0   0   0 
  1 0.763932 0.171573   0   0   2 1.58579 0.763932   0   0   0   2   1   0   0   2 1.58579 0.763932   0   0   1 0.763932 0.171573   0   0 
0.763932   1 0.763932 0.171573   0 1.58579   2 1.58579 0.763932   0   2   0   2   1   0 1.58579   2 1.58579 0.763932   0 0.763932   1 0.763932 0.171573   0 
0.171573 0.763932   1 0.763932 0.171573 0.763932 1.58579   2 1.58579 0.763932   1   2   0   2   1 0.763932 1.58579   2 1.58579 0.763932 0.171573 0.763932   1 0.763932 0.171573 
  0 0.171573 0.763932   1 0.763932   0 0.763932 1.58579   2 1.58579   0   1   2   0   2   0 0.763932 1.58579   2 1.58579   0 0.171573 0.763932   1 0.763932 
  0   0 0.171573 0.763932   1   0   0 0.763932 1.58579   2   0   0   1   2   0   0   0 0.763932 1.58579   2   0   0 0.171573 0.763932   1 
  0   0   0   0   0   1 0.763932 0.171573   0   0   2 1.58579 0.763932   0   0   0   2   1   0   0   2 1.58579 0.763932   0   0 
  0   0   0   0   0 0.763932   1 0.763932 0.171573   0 1.58579   2 1.58579 0.763932   0   2   0   2   1   0 1.58579   2 1.58579 0.763932   0 
  0   0   0   0   0 0.171573 0.763932   1 0.763932 0.171573 0.763932 1.58579   2 1.58579 0.763932   1   2   0   2   1 0.763932 1.58579   2 1.58579 0.763932 
  0   0   0   0   0   0 0.171573 0.763932   1 0.763932   0 0.763932 1.58579   2 1.58579   0   1   2   0   2   0 0.763932 1.58579   2 1.58579 
  0   0   0   0   0   0   0 0.171573 0.763932   1   0   0 0.763932 1.58579   2   0   0   1   2   0   0   0 0.763932 1.58579   2 
  0   0   0   0   0   0   0   0   0   0   1 0.763932 0.171573   0   0   2 1.58579 0.763932   0   0   0   2   1   0   0 
  0   0   0   0   0   0   0   0   0   0 0.763932   1 0.763932 0.171573   0 1.58579   2 1.58579 0.763932   0   2   0   2   1   0 
  0   0   0   0   0   0   0   0   0   0 0.171573 0.763932   1 0.763932 0.171573 0.763932 1.58579   2 1.58579 0.763932   1   2   0   2   1 
  0   0   0   0   0   0   0   0   0   0   0 0.171573 0.763932   1 0.763932   0 0.763932 1.58579   2 1.58579   0   1   2   0   2 
  0   0   0   0   0   0   0   0   0   0   0   0 0.171573 0.763932   1   0   0 0.763932 1.58579   2   0   0   1   2   0 

max distance : 2
c[0] + c[1]+ c[2]+ c[5]+ c[6]+ c[7]>=16.2273
c[2] + c[3]+ c[4]+ c[7]+ c[8]+ c[9]>=16.2273
c[5] + c[6]+ c[7]+ c[10]+ c[11]+ c[12]>=16.2273
c[7] + c[8]+ c[9]+ c[12]+ c[13]+ c[14]>=16.2273
c[10] + c[11]+ c[12]+ c[15]+ c[16]+ c[17]>=16.2273
c[12] + c[13]+ c[14]+ c[17]+ c[18]+ c[19]>=16.2273
c[15] + c[16]+ c[17]+ c[20]+ c[21]+ c[22]>=16.2273
c[17] + c[18]+ c[19]+ c[22]+ c[23]+ c[24]>=16.2273
Number of variables 326
Tried aggregator 1 time.
MIP Presolve eliminated 25 rows and 1 columns.
Reduced MIP has 653 rows, 326 columns, and 1978 nonzeros.
Reduced MIP has 300 binaries, 0 generals, 0 SOSs, and 0 indicators.
Probing time =    0.00 sec.
Tried aggregator 1 time.
Presolve time =    0.00 sec.
Probing time =    0.00 sec.
MIP emphasis: balance optimality and feasibility.
MIP search method: dynamic search.
Parallel mode: deterministic, using up to 4 threads.
Root relaxation solution time =    0.00 sec.

        Nodes                                         Cuts/
   Node  Left     Objective  IInf  Best Integer    Best Bound    ItCnt     Gap

*     0+    0                           40.0000                    205     --- 
      0     0        2.7045   168       40.0000        2.7045      205   93.24%
      0     0        2.7578   177       40.0000     Cuts: 263      543   93.11%
      0     0        3.3438   134       40.0000     Cuts: 140      761   91.64%
      0     0        3.5858   142       40.0000      Cuts: 58      884   91.04%
      0     0        3.6231   143       40.0000      Cuts: 31     1028   90.94%
      0     0        3.7046   147       40.0000      Cuts: 54     1123   90.74%
      0     0        3.7046   143       40.0000      Cuts: 29     1215   90.74%
*     0+    0                           25.8710        3.7046     1336   85.68%
      0     0        3.7046   157       25.8710      Cuts: 52     1336   85.68%
*     0+    0                           14.8131        3.7046     1336   74.99%
      0     2        3.7046   157       14.8131        3.7046     1336   74.99%
Elapsed real time =   0.13 sec. (tree size =  0.01 MB, solutions = 3)
*    89+   89                           14.4634        3.9017     6158   73.02%
*   115+  115                           14.3497        3.9017     7275   72.81%
*   193+  193                           14.1071        3.9017     9438   72.34%
*   233+  233                           13.8710        3.9017     9956   71.87%
*   293+  292                           13.8065        3.9017    10493   71.74%
*   293+  292                           13.0492        3.9017    10493   70.10%
*   365   347      integral     0       12.8710        3.9017    11098   69.69%
*   386   357      integral     0       12.6349        3.9017    11447   69.12%
*   443+  402                           12.3344        3.9268    13300   68.16%
*   468+  426                           12.2207        3.9268    13900   67.87%
*   468+  426                           12.1562        3.9268    13900   67.70%
*   494+  442                           11.9289        3.9268    14557   67.08%
*   715   640      integral     0       11.8065        3.9268    19369   66.74%
*   718   636      integral     0       11.6994        3.9268    19390   66.44%
*   744+  647                           11.6929        3.9286    20465   66.40%
*   847   739      integral     0       11.6349        3.9286    22870   66.23%
*   890+  773                           11.6284        3.9822    23830   65.75%
*  1023   872      integral     0       11.4568        3.9822    27044   65.24%
*  1025+  872                           11.4502        3.9822    27062   65.22%
*  1038   882      integral     0       11.2142        3.9822    27340   64.49%
*  1040   879      integral     0       11.0426        3.9822    27349   63.94%
*  1106   891      integral     0       10.9355        3.9946    29535   63.47%
*  1378  1117      integral     0       10.8710        4.0570    37833   62.68%
Elapsed real time =   0.49 sec. (tree size =  0.38 MB, solutions = 31)
*  1507+ 1196                           10.5770        4.0605    41451   61.61%
*  1586+ 1240                           10.5213        4.0858    44755   61.17%
*  2002  1544      integral     0       10.3989        4.0920    59515   60.65%
*  2375+ 1211                           10.1005        4.2331    74111   58.09%
   2375  1213        3.9688   120       10.1005        4.2331    74111   58.09%
*  2866   890      integral     0        9.9355        4.2331    89746   57.39%
*  2949+  722                            9.8710        4.2331    92489   57.12%
*  2986   616      integral     0        9.6349        4.2331    93040   56.06%
*  3243+  605                            9.6284        4.3880   100863   54.43%
*  3267   600      integral     0        9.4568        4.3880   101564   53.60%
*  4053+ 1023                            9.4502        4.7492   121575   49.74%
*  4069  1029      integral     0        9.2852        4.7492   121723   48.85%
*  4822+ 1402                            9.0360        4.9661   145151   45.04%
*  5916  1803      integral     0        8.8065        5.1716   174066   41.28%
*  6114  1808      integral     0        8.6349        5.2085   179262   39.68%
  12469  3010        6.1716    40        8.6349        6.1716   314850   28.53%
  18688  2851        6.9355    31        8.6349        6.9355   435135   19.68%
Elapsed real time =   4.32 sec. (tree size =  1.08 MB, solutions = 48)
  20208  2714        7.1071    15        8.6349        7.0100   459985   18.82%
  28157  1313        8.2852    16        8.6349        7.5858   576702   12.15%

Cover cuts applied:  1
Implied bound cuts applied:  189
Flow cuts applied:  46
Mixed integer rounding cuts applied:  88
Gomory fractional cuts applied:  65

Root node processing (before b&c):
  Real time             =    0.12
Parallel b&c, 4 threads:
  Real time             =    6.10
  Sync time (average)   =    0.01
  Wait time (average)   =    0.00
                          -------
Total (root+branch&cut) =    6.22 sec.
STATUS : Optimal
Solution status = Optimal
 Number of constraints = 678
Solution value  = 8.63494
c(0)=3.17157 c(1)=8.63494 c(2)=1.58579 c(3)=5.52129 c(4)=0 c(5)=5.52129 c(6)=0 c(7)=3.9355 c(8)=7.87101 c(9)=2.40764 c(10)=7.81309 c(11)=2.34972 c(12)=6.28522 c(13)=0.821854 c(14)=4.75736 c(15)=0.763932 c(16)=4.69944 c(17)=8.63494 c(18)=3.17157 c(19)=7.10708 c(20)=3.11365 c(21)=7.04916 c(22)=0 c(23)=5.52129 c(24)=1.58579 
