 numAddVar 300

Graph (V,E) with |V|= 25 and diameter = 8

Coordinates: 
vertex 1 : 0 0
vertex 2 : 1 0
vertex 3 : 2 0
vertex 4 : 3 0
vertex 5 : 4 0
vertex 6 : 0 1
vertex 7 : 1 1
vertex 8 : 2 1
vertex 9 : 3 1
vertex 10 : 4 1
vertex 11 : 0 2
vertex 12 : 1 2
vertex 13 : 2 2
vertex 14 : 3 2
vertex 15 : 4 2
vertex 16 : 0 3
vertex 17 : 1 3
vertex 18 : 2 3
vertex 19 : 3 3
vertex 20 : 4 3
vertex 21 : 0 4
vertex 22 : 1 4
vertex 23 : 2 4
vertex 24 : 3 4
vertex 25 : 4 4

Distances: 
  0   1   2   3   4   1 1.41421 2.23607 3.16228 4.12311   2 2.23607 2.82843 3.60555 4.47214   3 3.16228 3.60555 4.24264   5   4 4.12311 4.47214   5 5.65685 
  1   0   1   2   3 1.41421   1 1.41421 2.23607 3.16228 2.23607   2 2.23607 2.82843 3.60555 3.16228   3 3.16228 3.60555 4.24264 4.12311   4 4.12311 4.47214   5 
  2   1   0   1   2 2.23607 1.41421   1 1.41421 2.23607 2.82843 2.23607   2 2.23607 2.82843 3.60555 3.16228   3 3.16228 3.60555 4.47214 4.12311   4 4.12311 4.47214 
  3   2   1   0   1 3.16228 2.23607 1.41421   1 1.41421 3.60555 2.82843 2.23607   2 2.23607 4.24264 3.60555 3.16228   3 3.16228   5 4.47214 4.12311   4 4.12311 
  4   3   2   1   0 4.12311 3.16228 2.23607 1.41421   1 4.47214 3.60555 2.82843 2.23607   2   5 4.24264 3.60555 3.16228   3 5.65685   5 4.47214 4.12311   4 
  1 1.41421 2.23607 3.16228 4.12311   0   1   2   3   4   1 1.41421 2.23607 3.16228 4.12311   2 2.23607 2.82843 3.60555 4.47214   3 3.16228 3.60555 4.24264   5 
1.41421   1 1.41421 2.23607 3.16228   1   0   1   2   3 1.41421   1 1.41421 2.23607 3.16228 2.23607   2 2.23607 2.82843 3.60555 3.16228   3 3.16228 3.60555 4.24264 
2.23607 1.41421   1 1.41421 2.23607   2   1   0   1   2 2.23607 1.41421   1 1.41421 2.23607 2.82843 2.23607   2 2.23607 2.82843 3.60555 3.16228   3 3.16228 3.60555 
3.16228 2.23607 1.41421   1 1.41421   3   2   1   0   1 3.16228 2.23607 1.41421   1 1.41421 3.60555 2.82843 2.23607   2 2.23607 4.24264 3.60555 3.16228   3 3.16228 
4.12311 3.16228 2.23607 1.41421   1   4   3   2   1   0 4.12311 3.16228 2.23607 1.41421   1 4.47214 3.60555 2.82843 2.23607   2   5 4.24264 3.60555 3.16228   3 
  2 2.23607 2.82843 3.60555 4.47214   1 1.41421 2.23607 3.16228 4.12311   0   1   2   3   4   1 1.41421 2.23607 3.16228 4.12311   2 2.23607 2.82843 3.60555 4.47214 
2.23607   2 2.23607 2.82843 3.60555 1.41421   1 1.41421 2.23607 3.16228   1   0   1   2   3 1.41421   1 1.41421 2.23607 3.16228 2.23607   2 2.23607 2.82843 3.60555 
2.82843 2.23607   2 2.23607 2.82843 2.23607 1.41421   1 1.41421 2.23607   2   1   0   1   2 2.23607 1.41421   1 1.41421 2.23607 2.82843 2.23607   2 2.23607 2.82843 
3.60555 2.82843 2.23607   2 2.23607 3.16228 2.23607 1.41421   1 1.41421   3   2   1   0   1 3.16228 2.23607 1.41421   1 1.41421 3.60555 2.82843 2.23607   2 2.23607 
4.47214 3.60555 2.82843 2.23607   2 4.12311 3.16228 2.23607 1.41421   1   4   3   2   1   0 4.12311 3.16228 2.23607 1.41421   1 4.47214 3.60555 2.82843 2.23607   2 
  3 3.16228 3.60555 4.24264   5   2 2.23607 2.82843 3.60555 4.47214   1 1.41421 2.23607 3.16228 4.12311   0   1   2   3   4   1 1.41421 2.23607 3.16228 4.12311 
3.16228   3 3.16228 3.60555 4.24264 2.23607   2 2.23607 2.82843 3.60555 1.41421   1 1.41421 2.23607 3.16228   1   0   1   2   3 1.41421   1 1.41421 2.23607 3.16228 
3.60555 3.16228   3 3.16228 3.60555 2.82843 2.23607   2 2.23607 2.82843 2.23607 1.41421   1 1.41421 2.23607   2   1   0   1   2 2.23607 1.41421   1 1.41421 2.23607 
4.24264 3.60555 3.16228   3 3.16228 3.60555 2.82843 2.23607   2 2.23607 3.16228 2.23607 1.41421   1 1.41421   3   2   1   0   1 3.16228 2.23607 1.41421   1 1.41421 
  5 4.24264 3.60555 3.16228   3 4.47214 3.60555 2.82843 2.23607   2 4.12311 3.16228 2.23607 1.41421   1   4   3   2   1   0 4.12311 3.16228 2.23607 1.41421   1 
  4 4.12311 4.47214   5 5.65685   3 3.16228 3.60555 4.24264   5   2 2.23607 2.82843 3.60555 4.47214   1 1.41421 2.23607 3.16228 4.12311   0   1   2   3   4 
4.12311   4 4.12311 4.47214   5 3.16228   3 3.16228 3.60555 4.24264 2.23607   2 2.23607 2.82843 3.60555 1.41421   1 1.41421 2.23607 3.16228   1   0   1   2   3 
4.47214 4.12311   4 4.12311 4.47214 3.60555 3.16228   3 3.16228 3.60555 2.82843 2.23607   2 2.23607 2.82843 2.23607 1.41421   1 1.41421 2.23607   2   1   0   1   2 
  5 4.47214 4.12311   4 4.12311 4.24264 3.60555 3.16228   3 3.16228 3.60555 2.82843 2.23607   2 2.23607 3.16228 2.23607 1.41421   1 1.41421   3   2   1   0   1 
5.65685   5 4.47214 4.12311   4   5 4.24264 3.60555 3.16228   3 4.47214 3.60555 2.82843 2.23607   2 4.12311 3.16228 2.23607 1.41421   1   4   3   2   1   0 
d: 
  0   2   1   0   0   2 1.58579 0.763932   0   0   1 0.763932 0.171573   0   0   0   0   0   0   0   0   0   0   0   0 
  2   0   2   1   0 1.58579   2 1.58579 0.763932   0 0.763932   1 0.763932 0.171573   0   0   0   0   0   0   0   0   0   0   0 
  1   2   0   2   1 0.763932 1.58579   2 1.58579 0.763932 0.171573 0.763932   1 0.763932 0.171573   0   0   0   0   0   0   0   0   0   0 
  0   1   2   0   2   0 0.763932 1.58579   2 1.58579   0 0.171573 0.763932   1 0.763932   0   0   0   0   0   0   0   0   0   0 
  0   0   1   2   0   0   0 0.763932 1.58579   2   0   0 0.171573 0.763932   1   0   0   0   0   0   0   0   0   0   0 
  2 1.58579 0.763932   0   0   0   2   1   0   0   2 1.58579 0.763932   0   0   1 0.763932 0.171573   0   0   0   0   0   0   0 
1.58579   2 1.58579 0.763932   0   2   0   2   1   0 1.58579   2 1.58579 0.763932   0 0.763932   1 0.763932 0.171573   0   0   0   0   0   0 
0.763932 1.58579   2 1.58579 0.763932   1   2   0   2   1 0.763932 1.58579   2 1.58579 0.763932 0.171573 0.763932   1 0.763932 0.171573   0   0   0   0   0 
  0 0.763932 1.58579   2 1.58579   0   1   2   0   2   0 0.763932 1.58579   2 1.58579   0 0.171573 0.763932   1 0.763932   0   0   0   0   0 
  0   0 0.763932 1.58579   2   0   0   1   2   0   0   0 0.763932 1.58579   2   0   0 0.171573 0.763932   1   0   0   0   0   0 
  1 0.763932 0.171573   0   0   2 1.58579 0.763932   0   0   0   2   1   0   0   2 1.58579 0.763932   0   0   1 0.763932 0.171573   0   0 
0.763932   1 0.763932 0.171573   0 1.58579   2 1.58579 0.763932   0   2   0   2   1   0 1.58579   2 1.58579 0.763932   0 0.763932   1 0.763932 0.171573   0 
0.171573 0.763932   1 0.763932 0.171573 0.763932 1.58579   2 1.58579 0.763932   1   2   0   2   1 0.763932 1.58579   2 1.58579 0.763932 0.171573 0.763932   1 0.763932 0.171573 
  0 0.171573 0.763932   1 0.763932   0 0.763932 1.58579   2 1.58579   0   1   2   0   2   0 0.763932 1.58579   2 1.58579   0 0.171573 0.763932   1 0.763932 
  0   0 0.171573 0.763932   1   0   0 0.763932 1.58579   2   0   0   1   2   0   0   0 0.763932 1.58579   2   0   0 0.171573 0.763932   1 
  0   0   0   0   0   1 0.763932 0.171573   0   0   2 1.58579 0.763932   0   0   0   2   1   0   0   2 1.58579 0.763932   0   0 
  0   0   0   0   0 0.763932   1 0.763932 0.171573   0 1.58579   2 1.58579 0.763932   0   2   0   2   1   0 1.58579   2 1.58579 0.763932   0 
  0   0   0   0   0 0.171573 0.763932   1 0.763932 0.171573 0.763932 1.58579   2 1.58579 0.763932   1   2   0   2   1 0.763932 1.58579   2 1.58579 0.763932 
  0   0   0   0   0   0 0.171573 0.763932   1 0.763932   0 0.763932 1.58579   2 1.58579   0   1   2   0   2   0 0.763932 1.58579   2 1.58579 
  0   0   0   0   0   0   0 0.171573 0.763932   1   0   0 0.763932 1.58579   2   0   0   1   2   0   0   0 0.763932 1.58579   2 
  0   0   0   0   0   0   0   0   0   0   1 0.763932 0.171573   0   0   2 1.58579 0.763932   0   0   0   2   1   0   0 
  0   0   0   0   0   0   0   0   0   0 0.763932   1 0.763932 0.171573   0 1.58579   2 1.58579 0.763932   0   2   0   2   1   0 
  0   0   0   0   0   0   0   0   0   0 0.171573 0.763932   1 0.763932 0.171573 0.763932 1.58579   2 1.58579 0.763932   1   2   0   2   1 
  0   0   0   0   0   0   0   0   0   0   0 0.171573 0.763932   1 0.763932   0 0.763932 1.58579   2 1.58579   0   1   2   0   2 
  0   0   0   0   0   0   0   0   0   0   0   0 0.171573 0.763932   1   0   0 0.763932 1.58579   2   0   0   1   2   0 

max distance : 2
Number of variables 326
Tried aggregator 1 time.
MIP Presolve eliminated 25 rows and 1 columns.
Reduced MIP has 650 rows, 326 columns, and 1950 nonzeros.
Reduced MIP has 300 binaries, 0 generals, 0 SOSs, and 0 indicators.
Probing time =    0.00 sec.
Tried aggregator 1 time.
Presolve time =    0.00 sec.
Probing time =    0.00 sec.
MIP emphasis: balance optimality and feasibility.
MIP search method: dynamic search.
Parallel mode: deterministic, using up to 4 threads.
Root relaxation solution time =    0.00 sec.

        Nodes                                         Cuts/
   Node  Left     Objective  IInf  Best Integer    Best Bound    ItCnt     Gap

*     0+    0                           40.0000                    196     --- 
      0     0        2.5858   168       40.0000        2.5858      196   93.54%
      0     0        2.6391   175       40.0000     Cuts: 262      488   93.40%
      0     0        2.9822   152       40.0000     Cuts: 137      696   92.54%
      0     0        3.5858   139       40.0000     Cuts: 115      890   91.04%
      0     0        3.5858   152       40.0000      Cuts: 47      992   91.04%
      0     0        3.5858   136       40.0000      Cuts: 39     1097   91.04%
      0     0        3.5858   159       40.0000      Cuts: 59     1170   91.04%
      0     2        3.5858   159       40.0000        3.5858     1170   91.04%
Elapsed real time =   0.13 sec. (tree size =  0.01 MB, solutions = 1)
*    80+   80                           18.6929        3.7882     6257   79.73%
*    83+   83                           16.7486        3.7882     6449   77.38%
*   122+  121                           16.2852        3.7882     8076   76.74%
*   180+  179                           16.1628        3.7882     9679   76.56%
*   180+  179                           15.0426        3.7882     9679   74.82%
*   241+  240                           14.7552        3.7882    10713   74.33%
*   272+  271                           14.2852        3.7882    11001   73.48%
*   304+  300                           14.2207        3.7882    11245   73.36%
*   316   310      integral     0       13.8710        3.7882    11363   72.69%
*   341   331      integral     0       13.8644        3.7882    11785   72.68%
*   345   331      integral     0       13.8065        3.7882    11821   72.56%
*   415   397      integral     0       13.6284        3.8426    14112   71.80%
*   420   400      integral     0       13.4568        3.8426    14172   71.45%
*   433+  405                           13.2207        3.8426    14480   70.94%
*   448   420      integral     0       12.7999        3.8426    14887   69.98%
*   451   418      integral     0       12.6284        3.8426    14928   69.57%
*   579+  539                           12.5770        3.8426    18537   69.45%
*   624+  581                           12.3989        3.8426    19571   69.01%
*   734+  682                           12.2852        3.8426    20939   68.72%
*   774+  710                           12.2273        3.8426    21607   68.57%
*   790   716      integral     0       11.6994        3.8426    21830   67.16%
*   794   715      integral     0       11.0492        3.8426    21929   65.22%
*   867   713      integral     0       10.9355        3.9824    23854   63.58%
Elapsed real time =   0.35 sec. (tree size =  0.23 MB, solutions = 31)
*  1264+ 1020                           10.8710        4.0858    32729   62.42%
*  1545  1240      integral     0       10.6994        4.0858    38448   61.81%
*  1611  1282      integral     0       10.6929        4.0897    40115   61.75%
*  1660  1314      integral     0       10.6929        4.0897    41460   61.75%
*  1806  1425      integral     0       10.6349        4.1029    46014   61.42%
*  2174  1702      integral     0       10.5858        4.2322    55240   60.02%
*  2229  1744      integral     0       10.4568        4.2322    56675   59.53%
*  2238  1743      integral     0       10.3923        4.2322    56795   59.28%
*  2312  1765      integral     0       10.1071        4.2494    58729   57.96%
*  2463+ 1212                           10.0492        4.3787    64151   56.43%
*  2463+  808                            9.9289        4.3787    64151   55.90%
*  2463+  539                            9.6929        4.3787    64151   54.83%
*  2463+  360                            9.6349        4.3787    64151   54.55%
   2463   362        3.9822    98        9.6349        4.3787    64151   54.55%
   5700  2290        5.3115    47        9.6349        4.4093   166607   54.24%
Elapsed real time =   2.72 sec. (tree size =  0.99 MB, solutions = 48)
*  5889  2408      integral     0        9.6284        4.4093   171851   54.21%
*  5930  2426      integral     0        9.4634        4.4093   173154   53.41%
*  7041  3079      integral     0        9.4568        4.5858   204658   51.51%
*  9746  4627      integral     0        9.3989        4.6732   285689   50.28%
*  9980  4747      integral     0        9.1071        4.7447   292093   47.90%
  14209  6644        5.0697    50        9.1071        4.9822   417371   45.29%
  17600  8114        6.3741    33        9.1071        5.0543   513955   44.50%
* 18375  8449      integral     0        8.8710        5.0543   534439   43.02%
* 19448  8848      integral     0        8.6349        5.0858   562315   41.10%
  24213 10430        5.5858    34        8.6349        5.2012   693409   39.77%
Elapsed real time =   6.62 sec. (tree size =  4.11 MB, solutions = 55)
  29180 11899        7.0000    36        8.6349        5.3642   814101   37.88%
  34218 13212        7.1426    30        8.6349        5.4516   935714   36.87%
  39286 14338        6.0858    40        8.6349        5.5858  1052425   35.31%
  44046 15551        6.5246    35        8.6349        5.5858  1168650   35.31%
  48831 16584        7.5213    30        8.6349        5.6603  1279400   34.45%
  53869 17473        5.7639    39        8.6349        5.7606  1387412   33.29%
  58812 18203        7.5858    32        8.6349        5.8358  1495855   32.42%
  63755 18721        7.1426    35        8.6349        5.9355  1599747   31.26%
  68924 19386        7.1426    32        8.6349        6.0000  1714442   30.51%
  71565 19832    infeasible              8.6349        6.0000  1775413   30.51%
Elapsed real time =  15.49 sec. (tree size =  8.46 MB, solutions = 55)
  76363 20767        7.2396    44        8.6349        6.0229  1880581   30.25%
  81822 21180        6.3497    34        8.6349        6.1419  1988006   28.87%
  86978 21354        7.1716    28        8.6349        6.1716  2093526   28.53%
  92366 21693        6.2151    40        8.6349        6.2151  2203695   28.02%
  98486 21520        7.1137    28        8.6349        6.3497  2312153   26.46%
 104216 21674        6.3497    35        8.6349        6.3497  2415383   26.46%
 109867 21773        7.8787    29        8.6349        6.3787  2521389   26.13%
 116071 21506        6.5000    39        8.6349        6.5000  2620889   24.72%
 122378 20952        7.2606    23        8.6349        6.5858  2725676   23.73%
 128454 20847        6.5858    39        8.6349        6.5858  2833490   23.73%
Elapsed real time =  23.79 sec. (tree size =  8.92 MB, solutions = 55)
 135700 19691        7.0858    30        8.6349        6.7525  2938694   21.80%
 142465 18925        6.7639    27        8.6349        6.7639  3044809   21.67%
 148989 18234        6.8642    28        8.6349        6.7929  3151015   21.33%
 157241 16542        7.3671    32        8.6349        6.9645  3252717   19.35%
 164290 15369        7.5213    26        8.6349        7.0255  3356712   18.64%
 172358 13553        7.1716    25        8.6349        7.1716  3456952   16.95%
 180073 11374        7.7616    38        8.6349        7.2574  3565927   15.95%
 188987  8709        7.5000    37        8.6349        7.4980  3661441   13.17%
 197736  5741        8.0858    30        8.6349        7.5858  3758947   12.15%
 206973  1329        8.0000    35        8.6349        8.0000  3846141    7.35%
Elapsed real time =  32.28 sec. (tree size =  1.33 MB, solutions = 55)
 214063   471        8.5213    22        8.6349        8.5147  3929860    1.39%

Cover cuts applied:  2
Implied bound cuts applied:  315
Flow cuts applied:  58
Mixed integer rounding cuts applied:  185
Gomory fractional cuts applied:  49

Root node processing (before b&c):
  Real time             =    0.13
Parallel b&c, 4 threads:
  Real time             =   33.46
  Sync time (average)   =    0.01
  Wait time (average)   =    0.00
                          -------
Total (root+branch&cut) =   33.59 sec.
STATUS : Optimal
Solution status = Optimal
 Number of constraints = 675
Solution value  = 8.63494
c(0)=3.87758 c(1)=7.81309 c(2)=2.34972 c(3)=6.28522 c(4)=0.821854 c(5)=1.52786 c(6)=5.46337 c(7)=0 c(8)=3.9355 c(9)=7.87101 c(10)=8.63494 c(11)=3.11365 c(12)=7.04916 c(13)=1.58579 c(14)=5.52129 c(15)=6.28522 c(16)=0.763932 c(17)=4.69944 c(18)=8.63494 c(19)=3.17157 c(20)=3.87758 c(21)=7.87101 c(22)=2.34972 c(23)=6.28522 c(24)=0 
