function brain_info = brainInfo(index)

% Mouse 1
v = 1;
brain_info{v}.brain = '2014_09_10__18_07_13h';
brain_info{v}.mouse = 'Trial_2014091018065141';

v = 2;
brain_info{v}.brain = '2014_09_10__18_08_56h';
brain_info{v}.mouse = 'Trial_2014091018083342';

v = 3;
brain_info{v}.brain = '2014_09_10__18_13_08h';
brain_info{v}.mouse = 'Trial_2014091018124545';

v = 4;
brain_info{v}.brain = '2014_09_10__18_15_05h';
brain_info{v}.mouse = 'Trial_2014091018144247';

v = 5;
brain_info{v}.brain = '2014_09_10__18_16_07h';
brain_info{v}.mouse = 'Trial_2014091018154448';

v = 6;
brain_info{v}.brain = '2014_09_10__18_22_46h';
brain_info{v}.mouse = 'Trial_2014091018222345';

v = 7;
brain_info{v}.brain = '2014_09_10__18_24_12h';
brain_info{v}.mouse = 'Trial_2014091018234955';

% Mouse 2
v = 8;
brain_info{v}.brain = '2014_09_13__15_14_14h';
brain_info{v}.mouse = 'Trial_2014091315134231';

v = 9;
brain_info{v}.brain = '2014_09_13__15_15_51h';
brain_info{v}.mouse = 'Trial_2014091315142032';

v = 10;
brain_info{v}.brain = '2014_09_13__15_15_33h';
brain_info{v}.mouse = 'Trial_2014091315150133';

v = 11;
brain_info{v}.brain = '2014_09_13__15_16_26h';
brain_info{v}.mouse = 'Trial_2014091315155534';

v = 12;
brain_info{v}.brain = '2014_09_13__15_17_44h';
brain_info{v}.mouse = 'Trial_2014091315171336';

%%
% v = 10;
% brain_info{v}.brain = '2014_09_10__17_08_13h';
% brain_info{v}.mouse = '';

brain_info = brain_info{index};