 numAddVar 300

Graph (V,E) with |V|= 25 and diameter = 8

Coordinates: 
vertex 1 : 0 0
vertex 2 : 1 0
vertex 3 : 2 0
vertex 4 : 3 0
vertex 5 : 4 0
vertex 6 : 0 1
vertex 7 : 1 1
vertex 8 : 2 1
vertex 9 : 3 1
vertex 10 : 4 1
vertex 11 : 0 2
vertex 12 : 1 2
vertex 13 : 2 2
vertex 14 : 3 2
vertex 15 : 4 2
vertex 16 : 0 3
vertex 17 : 1 3
vertex 18 : 2 3
vertex 19 : 3 3
vertex 20 : 4 3
vertex 21 : 0 4
vertex 22 : 1 4
vertex 23 : 2 4
vertex 24 : 3 4
vertex 25 : 4 4

Distances: 
  0   1   2   3   4   1 1.41421 2.23607 3.16228 4.12311   2 2.23607 2.82843 3.60555 4.47214   3 3.16228 3.60555 4.24264   5   4 4.12311 4.47214   5 5.65685 
  1   0   1   2   3 1.41421   1 1.41421 2.23607 3.16228 2.23607   2 2.23607 2.82843 3.60555 3.16228   3 3.16228 3.60555 4.24264 4.12311   4 4.12311 4.47214   5 
  2   1   0   1   2 2.23607 1.41421   1 1.41421 2.23607 2.82843 2.23607   2 2.23607 2.82843 3.60555 3.16228   3 3.16228 3.60555 4.47214 4.12311   4 4.12311 4.47214 
  3   2   1   0   1 3.16228 2.23607 1.41421   1 1.41421 3.60555 2.82843 2.23607   2 2.23607 4.24264 3.60555 3.16228   3 3.16228   5 4.47214 4.12311   4 4.12311 
  4   3   2   1   0 4.12311 3.16228 2.23607 1.41421   1 4.47214 3.60555 2.82843 2.23607   2   5 4.24264 3.60555 3.16228   3 5.65685   5 4.47214 4.12311   4 
  1 1.41421 2.23607 3.16228 4.12311   0   1   2   3   4   1 1.41421 2.23607 3.16228 4.12311   2 2.23607 2.82843 3.60555 4.47214   3 3.16228 3.60555 4.24264   5 
1.41421   1 1.41421 2.23607 3.16228   1   0   1   2   3 1.41421   1 1.41421 2.23607 3.16228 2.23607   2 2.23607 2.82843 3.60555 3.16228   3 3.16228 3.60555 4.24264 
2.23607 1.41421   1 1.41421 2.23607   2   1   0   1   2 2.23607 1.41421   1 1.41421 2.23607 2.82843 2.23607   2 2.23607 2.82843 3.60555 3.16228   3 3.16228 3.60555 
3.16228 2.23607 1.41421   1 1.41421   3   2   1   0   1 3.16228 2.23607 1.41421   1 1.41421 3.60555 2.82843 2.23607   2 2.23607 4.24264 3.60555 3.16228   3 3.16228 
4.12311 3.16228 2.23607 1.41421   1   4   3   2   1   0 4.12311 3.16228 2.23607 1.41421   1 4.47214 3.60555 2.82843 2.23607   2   5 4.24264 3.60555 3.16228   3 
  2 2.23607 2.82843 3.60555 4.47214   1 1.41421 2.23607 3.16228 4.12311   0   1   2   3   4   1 1.41421 2.23607 3.16228 4.12311   2 2.23607 2.82843 3.60555 4.47214 
2.23607   2 2.23607 2.82843 3.60555 1.41421   1 1.41421 2.23607 3.16228   1   0   1   2   3 1.41421   1 1.41421 2.23607 3.16228 2.23607   2 2.23607 2.82843 3.60555 
2.82843 2.23607   2 2.23607 2.82843 2.23607 1.41421   1 1.41421 2.23607   2   1   0   1   2 2.23607 1.41421   1 1.41421 2.23607 2.82843 2.23607   2 2.23607 2.82843 
3.60555 2.82843 2.23607   2 2.23607 3.16228 2.23607 1.41421   1 1.41421   3   2   1   0   1 3.16228 2.23607 1.41421   1 1.41421 3.60555 2.82843 2.23607   2 2.23607 
4.47214 3.60555 2.82843 2.23607   2 4.12311 3.16228 2.23607 1.41421   1   4   3   2   1   0 4.12311 3.16228 2.23607 1.41421   1 4.47214 3.60555 2.82843 2.23607   2 
  3 3.16228 3.60555 4.24264   5   2 2.23607 2.82843 3.60555 4.47214   1 1.41421 2.23607 3.16228 4.12311   0   1   2   3   4   1 1.41421 2.23607 3.16228 4.12311 
3.16228   3 3.16228 3.60555 4.24264 2.23607   2 2.23607 2.82843 3.60555 1.41421   1 1.41421 2.23607 3.16228   1   0   1   2   3 1.41421   1 1.41421 2.23607 3.16228 
3.60555 3.16228   3 3.16228 3.60555 2.82843 2.23607   2 2.23607 2.82843 2.23607 1.41421   1 1.41421 2.23607   2   1   0   1   2 2.23607 1.41421   1 1.41421 2.23607 
4.24264 3.60555 3.16228   3 3.16228 3.60555 2.82843 2.23607   2 2.23607 3.16228 2.23607 1.41421   1 1.41421   3   2   1   0   1 3.16228 2.23607 1.41421   1 1.41421 
  5 4.24264 3.60555 3.16228   3 4.47214 3.60555 2.82843 2.23607   2 4.12311 3.16228 2.23607 1.41421   1   4   3   2   1   0 4.12311 3.16228 2.23607 1.41421   1 
  4 4.12311 4.47214   5 5.65685   3 3.16228 3.60555 4.24264   5   2 2.23607 2.82843 3.60555 4.47214   1 1.41421 2.23607 3.16228 4.12311   0   1   2   3   4 
4.12311   4 4.12311 4.47214   5 3.16228   3 3.16228 3.60555 4.24264 2.23607   2 2.23607 2.82843 3.60555 1.41421   1 1.41421 2.23607 3.16228   1   0   1   2   3 
4.47214 4.12311   4 4.12311 4.47214 3.60555 3.16228   3 3.16228 3.60555 2.82843 2.23607   2 2.23607 2.82843 2.23607 1.41421   1 1.41421 2.23607   2   1   0   1   2 
  5 4.47214 4.12311   4 4.12311 4.24264 3.60555 3.16228   3 3.16228 3.60555 2.82843 2.23607   2 2.23607 3.16228 2.23607 1.41421   1 1.41421   3   2   1   0   1 
5.65685   5 4.47214 4.12311   4   5 4.24264 3.60555 3.16228   3 4.47214 3.60555 2.82843 2.23607   2 4.12311 3.16228 2.23607 1.41421   1   4   3   2   1   0 
d: 
  0   2   1   0   0   2 1.58579 0.763932   0   0   1 0.763932 0.171573   0   0   0   0   0   0   0   0   0   0   0   0 
  2   0   2   1   0 1.58579   2 1.58579 0.763932   0 0.763932   1 0.763932 0.171573   0   0   0   0   0   0   0   0   0   0   0 
  1   2   0   2   1 0.763932 1.58579   2 1.58579 0.763932 0.171573 0.763932   1 0.763932 0.171573   0   0   0   0   0   0   0   0   0   0 
  0   1   2   0   2   0 0.763932 1.58579   2 1.58579   0 0.171573 0.763932   1 0.763932   0   0   0   0   0   0   0   0   0   0 
  0   0   1   2   0   0   0 0.763932 1.58579   2   0   0 0.171573 0.763932   1   0   0   0   0   0   0   0   0   0   0 
  2 1.58579 0.763932   0   0   0   2   1   0   0   2 1.58579 0.763932   0   0   1 0.763932 0.171573   0   0   0   0   0   0   0 
1.58579   2 1.58579 0.763932   0   2   0   2   1   0 1.58579   2 1.58579 0.763932   0 0.763932   1 0.763932 0.171573   0   0   0   0   0   0 
0.763932 1.58579   2 1.58579 0.763932   1   2   0   2   1 0.763932 1.58579   2 1.58579 0.763932 0.171573 0.763932   1 0.763932 0.171573   0   0   0   0   0 
  0 0.763932 1.58579   2 1.58579   0   1   2   0   2   0 0.763932 1.58579   2 1.58579   0 0.171573 0.763932   1 0.763932   0   0   0   0   0 
  0   0 0.763932 1.58579   2   0   0   1   2   0   0   0 0.763932 1.58579   2   0   0 0.171573 0.763932   1   0   0   0   0   0 
  1 0.763932 0.171573   0   0   2 1.58579 0.763932   0   0   0   2   1   0   0   2 1.58579 0.763932   0   0   1 0.763932 0.171573   0   0 
0.763932   1 0.763932 0.171573   0 1.58579   2 1.58579 0.763932   0   2   0   2   1   0 1.58579   2 1.58579 0.763932   0 0.763932   1 0.763932 0.171573   0 
0.171573 0.763932   1 0.763932 0.171573 0.763932 1.58579   2 1.58579 0.763932   1   2   0   2   1 0.763932 1.58579   2 1.58579 0.763932 0.171573 0.763932   1 0.763932 0.171573 
  0 0.171573 0.763932   1 0.763932   0 0.763932 1.58579   2 1.58579   0   1   2   0   2   0 0.763932 1.58579   2 1.58579   0 0.171573 0.763932   1 0.763932 
  0   0 0.171573 0.763932   1   0   0 0.763932 1.58579   2   0   0   1   2   0   0   0 0.763932 1.58579   2   0   0 0.171573 0.763932   1 
  0   0   0   0   0   1 0.763932 0.171573   0   0   2 1.58579 0.763932   0   0   0   2   1   0   0   2 1.58579 0.763932   0   0 
  0   0   0   0   0 0.763932   1 0.763932 0.171573   0 1.58579   2 1.58579 0.763932   0   2   0   2   1   0 1.58579   2 1.58579 0.763932   0 
  0   0   0   0   0 0.171573 0.763932   1 0.763932 0.171573 0.763932 1.58579   2 1.58579 0.763932   1   2   0   2   1 0.763932 1.58579   2 1.58579 0.763932 
  0   0   0   0   0   0 0.171573 0.763932   1 0.763932   0 0.763932 1.58579   2 1.58579   0   1   2   0   2   0 0.763932 1.58579   2 1.58579 
  0   0   0   0   0   0   0 0.171573 0.763932   1   0   0 0.763932 1.58579   2   0   0   1   2   0   0   0 0.763932 1.58579   2 
  0   0   0   0   0   0   0   0   0   0   1 0.763932 0.171573   0   0   2 1.58579 0.763932   0   0   0   2   1   0   0 
  0   0   0   0   0   0   0   0   0   0 0.763932   1 0.763932 0.171573   0 1.58579   2 1.58579 0.763932   0   2   0   2   1   0 
  0   0   0   0   0   0   0   0   0   0 0.171573 0.763932   1 0.763932 0.171573 0.763932 1.58579   2 1.58579 0.763932   1   2   0   2   1 
  0   0   0   0   0   0   0   0   0   0   0 0.171573 0.763932   1 0.763932   0 0.763932 1.58579   2 1.58579   0   1   2   0   2 
  0   0   0   0   0   0   0   0   0   0   0   0 0.171573 0.763932   1   0   0 0.763932 1.58579   2   0   0   1   2   0 

max distance : 2
Number of variables 326
Tried aggregator 1 time.
MIP Presolve eliminated 31 rows and 1 columns.
Reduced MIP has 635 rows, 326 columns, and 1879 nonzeros.
Reduced MIP has 300 binaries, 0 generals, 0 SOSs, and 0 indicators.
Probing time =    0.00 sec.
Tried aggregator 1 time.
Presolve time =    0.00 sec.
Probing time =    0.00 sec.
MIP emphasis: balance optimality and feasibility.
MIP search method: dynamic search.
Parallel mode: deterministic, using up to 4 threads.
Root relaxation solution time =    0.00 sec.

        Nodes                                         Cuts/
   Node  Left     Objective  IInf  Best Integer    Best Bound    ItCnt     Gap

*     0+    0                           41.5858                    237     --- 
      0     0        2.5858   130       41.5858        2.5858      237   93.78%
*     0+    0                           40.0000        2.5858      237   93.54%
      0     0        2.6425   123       40.0000      Cuts: 88      370   93.39%
      0     0        2.6546   134       40.0000     Cuts: 258      538   93.36%
      0     0        2.7378   119       40.0000     Cuts: 135      670   93.16%
      0     0        2.9764   109       40.0000     Cuts: 139      800   92.56%
      0     0        3.0100   129       40.0000     Cuts: 166      883   92.48%
      0     0        3.0100   130       40.0000      Cuts: 91      935   92.48%
      0     0        3.0100    91       40.0000      Cuts: 64     1005   92.48%
      0     0        3.0100   113       40.0000     Cuts: 258     1099   92.48%
*     0+    0                           13.9781        3.0100     1099   78.47%
      0     2        3.0100   113       13.9781        3.5858     1099   74.35%
Elapsed real time =   0.13 sec. (tree size =  0.01 MB, solutions = 3)
*    74+   74                           13.8644        3.5858     2519   74.14%
*   262+  262                           13.3431        3.5858     4930   73.13%
*   373   364      integral     0       12.8710        3.5858     6209   72.14%
*   377   366      integral     0       12.5213        3.5858     6303   71.36%
*   409   391      integral     0       12.4634        3.5858     6802   71.23%
*   466   438      integral     0       12.4437        3.5858     7677   71.18%
*   672   625      integral     0       12.3278        3.5858    10507   70.91%
*   676   627      integral     0       12.1562        3.5858    10534   70.50%
*   817   742      integral     0       12.0426        3.5858    12301   70.22%
*   819   736      integral     0       11.8710        3.5858    12304   69.79%
*   849   753      integral     0       11.6994        3.5858    12891   69.35%
*   918+  799                           11.6929        3.5858    13916   69.33%
*   927+  803                           11.6349        3.5858    14039   69.18%
*  1003   863      integral     0       11.5770        3.5858    15112   69.03%
Elapsed real time =   0.31 sec. (tree size =  0.36 MB, solutions = 19)
*  1006+  862                           11.1716        3.5858    15117   67.90%
*  1032   882      integral     0       11.1137        3.5858    15510   67.74%
*  1325  1083      integral     0       11.1071        3.5858    19788   67.72%
*  1331+ 1085                           11.0426        3.5858    19883   67.53%
*  1331+ 1084                           10.6349        3.5858    19883   66.28%
*  1331+ 1084                           10.5213        3.5858    19883   65.92%
*  1364+ 1104                           10.5213        3.5858    20534   65.92%
*  1658  1284      integral     0       10.4634        3.5858    25217   65.73%
*  1733  1337      integral     0       10.4568        3.5858    26563   65.71%
*  2469+ 1258                           10.2787        3.8878    39802   62.18%
*  2469+  838                           10.0426        3.8878    39802   61.29%
   2490   848        5.0858    55       10.0426        4.0480    40291   59.69%
*  2877   600      integral     0        9.9847        4.2767    45724   57.17%
*  3020   566      integral     0        9.9355        4.3419    48232   56.30%
*  3420+  682                            9.8065        5.0858    53520   48.14%
*  3753+  881                            9.6994        5.0858    58035   47.57%
*  3923   983      integral     0        9.6349        5.0858    60501   47.22%
*  4299  1189      integral     0        9.5770        5.0858    65720   46.90%
*  4534  1312      integral     0        9.5213        5.0858    69455   46.59%
Elapsed real time =   2.29 sec. (tree size =  0.55 MB, solutions = 44)
*  5037  1571      integral     0        9.4634        5.2322    75819   44.71%
*  5257  1672      integral     0        9.4568        5.3497    78237   43.43%
*  5869  1986      integral     0        9.3431        5.5503    86840   40.60%
*  7211  2611      integral     0        9.3410        5.5858   107849   40.20%
*  7345  2668      integral     0        9.2787        5.5858   109626   39.80%
*  7349  2666      integral     0        9.2207        5.5858   109643   39.42%
* 10147  3810      integral     0        9.1071        5.7955   152298   36.36%
* 14834  5251      integral     0        8.6929        6.1081   222151   29.73%
* 16922  5210      integral     0        8.6349        6.1716   253477   28.53%
  24463  5966        6.5858    32        8.6349        6.5858   360122   23.73%
Elapsed real time =   4.23 sec. (tree size =  2.46 MB, solutions = 54)
  31793  6241        7.7589    28        8.6349        6.8446   461100   20.73%
  39353  6229        7.0858    32        8.6349        7.0303   561816   18.58%
  47506  5820        7.5213    29        8.6349        7.1716   666589   16.95%
  56438  4950        7.4069    26        8.6349        7.3787   772972   14.55%
  63114  3660        7.9355    38        8.6349        7.5858   846088   12.15%

Cover cuts applied:  2
Implied bound cuts applied:  142
Flow cuts applied:  130
Mixed integer rounding cuts applied:  169
Gomory fractional cuts applied:  29

Root node processing (before b&c):
  Real time             =    0.12
Parallel b&c, 4 threads:
  Real time             =    8.72
  Sync time (average)   =    0.01
  Wait time (average)   =    0.00
                          -------
Total (root+branch&cut) =    8.84 sec.
STATUS : Optimal
Solution status = Optimal
 Number of constraints = 666
Solution value  = 8.63494
c(0)=7.10708 c(1)=3.17157 c(2)=8.63494 c(3)=4.69944 c(4)=0.763932 c(5)=0 c(6)=5.52129 c(7)=1.58579 c(8)=7.04916 c(9)=3.11365 c(10)=2.34972 c(11)=7.87101 c(12)=3.9355 c(13)=0 c(14)=5.46337 c(15)=4.75736 c(16)=0.763932 c(17)=6.28522 c(18)=2.34972 c(19)=7.87101 c(20)=7.04916 c(21)=3.11365 c(22)=8.63494 c(23)=4.69944 c(24)=0.763932 
Concert exception caught: IloExtractable 27 IloNumVarI has not been extracted by IloAlgorithm 0x29bc070
