 numAddVar 300

Graph (V,E) with |V|= 25 and diameter = 8

Coordinates: 
vertex 1 : 0 0
vertex 2 : 1 0
vertex 3 : 2 0
vertex 4 : 3 0
vertex 5 : 4 0
vertex 6 : 0 1
vertex 7 : 1 1
vertex 8 : 2 1
vertex 9 : 3 1
vertex 10 : 4 1
vertex 11 : 0 2
vertex 12 : 1 2
vertex 13 : 2 2
vertex 14 : 3 2
vertex 15 : 4 2
vertex 16 : 0 3
vertex 17 : 1 3
vertex 18 : 2 3
vertex 19 : 3 3
vertex 20 : 4 3
vertex 21 : 0 4
vertex 22 : 1 4
vertex 23 : 2 4
vertex 24 : 3 4
vertex 25 : 4 4

Distances: 
  0   1   2   3   4   1 1.41421 2.23607 3.16228 4.12311   2 2.23607 2.82843 3.60555 4.47214   3 3.16228 3.60555 4.24264   5   4 4.12311 4.47214   5 5.65685 
  1   0   1   2   3 1.41421   1 1.41421 2.23607 3.16228 2.23607   2 2.23607 2.82843 3.60555 3.16228   3 3.16228 3.60555 4.24264 4.12311   4 4.12311 4.47214   5 
  2   1   0   1   2 2.23607 1.41421   1 1.41421 2.23607 2.82843 2.23607   2 2.23607 2.82843 3.60555 3.16228   3 3.16228 3.60555 4.47214 4.12311   4 4.12311 4.47214 
  3   2   1   0   1 3.16228 2.23607 1.41421   1 1.41421 3.60555 2.82843 2.23607   2 2.23607 4.24264 3.60555 3.16228   3 3.16228   5 4.47214 4.12311   4 4.12311 
  4   3   2   1   0 4.12311 3.16228 2.23607 1.41421   1 4.47214 3.60555 2.82843 2.23607   2   5 4.24264 3.60555 3.16228   3 5.65685   5 4.47214 4.12311   4 
  1 1.41421 2.23607 3.16228 4.12311   0   1   2   3   4   1 1.41421 2.23607 3.16228 4.12311   2 2.23607 2.82843 3.60555 4.47214   3 3.16228 3.60555 4.24264   5 
1.41421   1 1.41421 2.23607 3.16228   1   0   1   2   3 1.41421   1 1.41421 2.23607 3.16228 2.23607   2 2.23607 2.82843 3.60555 3.16228   3 3.16228 3.60555 4.24264 
2.23607 1.41421   1 1.41421 2.23607   2   1   0   1   2 2.23607 1.41421   1 1.41421 2.23607 2.82843 2.23607   2 2.23607 2.82843 3.60555 3.16228   3 3.16228 3.60555 
3.16228 2.23607 1.41421   1 1.41421   3   2   1   0   1 3.16228 2.23607 1.41421   1 1.41421 3.60555 2.82843 2.23607   2 2.23607 4.24264 3.60555 3.16228   3 3.16228 
4.12311 3.16228 2.23607 1.41421   1   4   3   2   1   0 4.12311 3.16228 2.23607 1.41421   1 4.47214 3.60555 2.82843 2.23607   2   5 4.24264 3.60555 3.16228   3 
  2 2.23607 2.82843 3.60555 4.47214   1 1.41421 2.23607 3.16228 4.12311   0   1   2   3   4   1 1.41421 2.23607 3.16228 4.12311   2 2.23607 2.82843 3.60555 4.47214 
2.23607   2 2.23607 2.82843 3.60555 1.41421   1 1.41421 2.23607 3.16228   1   0   1   2   3 1.41421   1 1.41421 2.23607 3.16228 2.23607   2 2.23607 2.82843 3.60555 
2.82843 2.23607   2 2.23607 2.82843 2.23607 1.41421   1 1.41421 2.23607   2   1   0   1   2 2.23607 1.41421   1 1.41421 2.23607 2.82843 2.23607   2 2.23607 2.82843 
3.60555 2.82843 2.23607   2 2.23607 3.16228 2.23607 1.41421   1 1.41421   3   2   1   0   1 3.16228 2.23607 1.41421   1 1.41421 3.60555 2.82843 2.23607   2 2.23607 
4.47214 3.60555 2.82843 2.23607   2 4.12311 3.16228 2.23607 1.41421   1   4   3   2   1   0 4.12311 3.16228 2.23607 1.41421   1 4.47214 3.60555 2.82843 2.23607   2 
  3 3.16228 3.60555 4.24264   5   2 2.23607 2.82843 3.60555 4.47214   1 1.41421 2.23607 3.16228 4.12311   0   1   2   3   4   1 1.41421 2.23607 3.16228 4.12311 
3.16228   3 3.16228 3.60555 4.24264 2.23607   2 2.23607 2.82843 3.60555 1.41421   1 1.41421 2.23607 3.16228   1   0   1   2   3 1.41421   1 1.41421 2.23607 3.16228 
3.60555 3.16228   3 3.16228 3.60555 2.82843 2.23607   2 2.23607 2.82843 2.23607 1.41421   1 1.41421 2.23607   2   1   0   1   2 2.23607 1.41421   1 1.41421 2.23607 
4.24264 3.60555 3.16228   3 3.16228 3.60555 2.82843 2.23607   2 2.23607 3.16228 2.23607 1.41421   1 1.41421   3   2   1   0   1 3.16228 2.23607 1.41421   1 1.41421 
  5 4.24264 3.60555 3.16228   3 4.47214 3.60555 2.82843 2.23607   2 4.12311 3.16228 2.23607 1.41421   1   4   3   2   1   0 4.12311 3.16228 2.23607 1.41421   1 
  4 4.12311 4.47214   5 5.65685   3 3.16228 3.60555 4.24264   5   2 2.23607 2.82843 3.60555 4.47214   1 1.41421 2.23607 3.16228 4.12311   0   1   2   3   4 
4.12311   4 4.12311 4.47214   5 3.16228   3 3.16228 3.60555 4.24264 2.23607   2 2.23607 2.82843 3.60555 1.41421   1 1.41421 2.23607 3.16228   1   0   1   2   3 
4.47214 4.12311   4 4.12311 4.47214 3.60555 3.16228   3 3.16228 3.60555 2.82843 2.23607   2 2.23607 2.82843 2.23607 1.41421   1 1.41421 2.23607   2   1   0   1   2 
  5 4.47214 4.12311   4 4.12311 4.24264 3.60555 3.16228   3 3.16228 3.60555 2.82843 2.23607   2 2.23607 3.16228 2.23607 1.41421   1 1.41421   3   2   1   0   1 
5.65685   5 4.47214 4.12311   4   5 4.24264 3.60555 3.16228   3 4.47214 3.60555 2.82843 2.23607   2 4.12311 3.16228 2.23607 1.41421   1   4   3   2   1   0 
d: 
  0   2   1   0   0   2 1.58579 0.763932   0   0   1 0.763932 0.171573   0   0   0   0   0   0   0   0   0   0   0   0 
  2   0   2   1   0 1.58579   2 1.58579 0.763932   0 0.763932   1 0.763932 0.171573   0   0   0   0   0   0   0   0   0   0   0 
  1   2   0   2   1 0.763932 1.58579   2 1.58579 0.763932 0.171573 0.763932   1 0.763932 0.171573   0   0   0   0   0   0   0   0   0   0 
  0   1   2   0   2   0 0.763932 1.58579   2 1.58579   0 0.171573 0.763932   1 0.763932   0   0   0   0   0   0   0   0   0   0 
  0   0   1   2   0   0   0 0.763932 1.58579   2   0   0 0.171573 0.763932   1   0   0   0   0   0   0   0   0   0   0 
  2 1.58579 0.763932   0   0   0   2   1   0   0   2 1.58579 0.763932   0   0   1 0.763932 0.171573   0   0   0   0   0   0   0 
1.58579   2 1.58579 0.763932   0   2   0   2   1   0 1.58579   2 1.58579 0.763932   0 0.763932   1 0.763932 0.171573   0   0   0   0   0   0 
0.763932 1.58579   2 1.58579 0.763932   1   2   0   2   1 0.763932 1.58579   2 1.58579 0.763932 0.171573 0.763932   1 0.763932 0.171573   0   0   0   0   0 
  0 0.763932 1.58579   2 1.58579   0   1   2   0   2   0 0.763932 1.58579   2 1.58579   0 0.171573 0.763932   1 0.763932   0   0   0   0   0 
  0   0 0.763932 1.58579   2   0   0   1   2   0   0   0 0.763932 1.58579   2   0   0 0.171573 0.763932   1   0   0   0   0   0 
  1 0.763932 0.171573   0   0   2 1.58579 0.763932   0   0   0   2   1   0   0   2 1.58579 0.763932   0   0   1 0.763932 0.171573   0   0 
0.763932   1 0.763932 0.171573   0 1.58579   2 1.58579 0.763932   0   2   0   2   1   0 1.58579   2 1.58579 0.763932   0 0.763932   1 0.763932 0.171573   0 
0.171573 0.763932   1 0.763932 0.171573 0.763932 1.58579   2 1.58579 0.763932   1   2   0   2   1 0.763932 1.58579   2 1.58579 0.763932 0.171573 0.763932   1 0.763932 0.171573 
  0 0.171573 0.763932   1 0.763932   0 0.763932 1.58579   2 1.58579   0   1   2   0   2   0 0.763932 1.58579   2 1.58579   0 0.171573 0.763932   1 0.763932 
  0   0 0.171573 0.763932   1   0   0 0.763932 1.58579   2   0   0   1   2   0   0   0 0.763932 1.58579   2   0   0 0.171573 0.763932   1 
  0   0   0   0   0   1 0.763932 0.171573   0   0   2 1.58579 0.763932   0   0   0   2   1   0   0   2 1.58579 0.763932   0   0 
  0   0   0   0   0 0.763932   1 0.763932 0.171573   0 1.58579   2 1.58579 0.763932   0   2   0   2   1   0 1.58579   2 1.58579 0.763932   0 
  0   0   0   0   0 0.171573 0.763932   1 0.763932 0.171573 0.763932 1.58579   2 1.58579 0.763932   1   2   0   2   1 0.763932 1.58579   2 1.58579 0.763932 
  0   0   0   0   0   0 0.171573 0.763932   1 0.763932   0 0.763932 1.58579   2 1.58579   0   1   2   0   2   0 0.763932 1.58579   2 1.58579 
  0   0   0   0   0   0   0 0.171573 0.763932   1   0   0 0.763932 1.58579   2   0   0   1   2   0   0   0 0.763932 1.58579   2 
  0   0   0   0   0   0   0   0   0   0   1 0.763932 0.171573   0   0   2 1.58579 0.763932   0   0   0   2   1   0   0 
  0   0   0   0   0   0   0   0   0   0 0.763932   1 0.763932 0.171573   0 1.58579   2 1.58579 0.763932   0   2   0   2   1   0 
  0   0   0   0   0   0   0   0   0   0 0.171573 0.763932   1 0.763932 0.171573 0.763932 1.58579   2 1.58579 0.763932   1   2   0   2   1 
  0   0   0   0   0   0   0   0   0   0   0 0.171573 0.763932   1 0.763932   0 0.763932 1.58579   2 1.58579   0   1   2   0   2 
  0   0   0   0   0   0   0   0   0   0   0   0 0.171573 0.763932   1   0   0 0.763932 1.58579   2   0   0   1   2   0 

max distance : 2
Number of variables 326
Tried aggregator 1 time.
MIP Presolve eliminated 25 rows and 1 columns.
Reduced MIP has 645 rows, 326 columns, and 1950 nonzeros.
Reduced MIP has 300 binaries, 0 generals, 0 SOSs, and 0 indicators.
Probing time =    0.00 sec.
Tried aggregator 1 time.
Presolve time =    0.00 sec.
Probing time =    0.00 sec.
MIP emphasis: balance optimality and feasibility.
MIP search method: dynamic search.
Parallel mode: deterministic, using up to 4 threads.
Root relaxation solution time =    0.00 sec.

        Nodes                                         Cuts/
   Node  Left     Objective  IInf  Best Integer    Best Bound    ItCnt     Gap

*     0+    0                           40.0000                    199     --- 
      0     0        3.2436   168       40.0000        3.2436      199   91.89%
      0     0        3.2966   178       40.0000     Cuts: 261      479   91.76%
      0     0        3.7153   131       40.0000      Cuts: 70      634   90.71%
      0     0        3.7153   132       40.0000      Cuts: 40      664   90.71%
      0     0        3.7157   133       40.0000      Cuts: 18      697   90.71%
      0     0        3.7157   137       40.0000      Cuts: 12      722   90.71%
*     0+    0                           24.6284        3.7157      722   84.91%
      0     2        3.7157   137       24.6284        3.7157      722   84.91%
Elapsed real time =   0.10 sec. (tree size =  0.01 MB, solutions = 2)
*     4+    4                           19.4634        3.8195      921   80.38%
*    29+   29                           19.3857        3.9353     2426   79.70%
*    29+   29                           18.3923        3.9353     2426   78.60%
*    34+   34                           16.8776        3.9353     2629   76.68%
*    97+   97                           16.3923        3.9353     5300   75.99%
*    97+   97                           14.8065        3.9353     5300   73.42%
*   141+  139                           14.6284        3.9353     7367   73.10%
*   192+  190                           13.8065        3.9353     9197   71.50%
*   227+  224                           13.7999        3.9353     9983   71.48%
*   241+  238                           13.6284        3.9353    10271   71.12%
*   262+  259                           13.5279        3.9353    10705   70.91%
*   262+  259                           13.4634        3.9353    10705   70.77%
*   309+  306                           13.2787        3.9353    11150   70.36%
*   335+  326                           13.1137        3.9353    11593   69.99%
*   357   342      integral     0       13.0492        3.9353    11864   69.84%
*   360   339      integral     0       12.6929        3.9353    11886   69.00%
*   579+  532                           12.6349        3.9375    19081   68.84%
*   662+  603                           12.2787        3.9375    20300   67.93%
*   684   615      integral     0       12.0492        3.9375    20537   67.32%
*   712   631      integral     0       11.8644        3.9375    21150   66.81%
*   716   631      integral     0       11.6929        3.9375    21192   66.33%
*   822   685      integral     0       11.5213        4.1009    23645   64.41%
*   867   710      integral     0       11.2852        4.1009    24668   63.66%
*   950   763      integral     0       11.2273        4.1010    26778   63.47%
*   954+  765                           11.1628        4.1010    26940   63.26%
*   965   773      integral     0       11.1049        4.1010    27130   63.07%
*   982   772      integral     0       10.8131        4.1010    27490   62.07%
Elapsed real time =   0.42 sec. (tree size =  0.35 MB, solutions = 32)
*  1143   879      integral     0       10.7639        4.1010    32336   61.90%
*  1146   880      integral     0       10.6415        4.1010    32384   61.46%
*  1231+  948                           10.5770        4.1016    36750   61.22%
*  1476+ 1132                           10.3989        4.1023    42680   60.55%
*  1485  1134      integral     0       10.2852        4.1023    42952   60.11%
*  1509+ 1154                           10.2273        4.1023    43933   59.89%
*  1518  1123      integral     0       10.0426        4.1558    44081   58.62%
*  1689  1220      integral     0        9.8710        4.2333    49350   57.11%
*  2872  1016      integral     0        9.8131        4.7671    90819   51.42%
*  2888   763      integral     0        9.8131        4.7671    91274   51.42%
*  3203   674      integral     0        9.8065        4.8835   100853   50.20%
*  3257+  635                            9.7574        4.9457   102896   49.31%
*  3261   602      integral     0        9.6929        4.9457   103036   48.98%
*  3486   677      integral     0        9.6349        4.9939   111314   48.17%
Elapsed real time =   1.73 sec. (tree size =  0.20 MB, solutions = 51)
*  3593   736      integral     0        9.5213        5.0112   114671   47.37%
*  3638   756      integral     0        9.4634        5.0159   116181   47.00%
*  3756   808      integral     0        9.4568        5.0500   120449   46.60%
*  4173+ 1018                            9.3989        5.1716   134057   44.98%
*  4192+ 1032                            9.3989        5.1716   134590   44.98%
*  4436  1157      integral     0        9.1071        5.1976   142508   42.93%
*  4841  1301      integral     0        8.8065        5.2626   156105   40.24%
*  6347  1818      integral     0        8.6349        5.5428   203019   35.81%
  11175  2829        7.5858    30        8.6349        6.0000   327165   30.51%
  16502  3225        6.4417    38        8.6349        6.3787   449382   26.13%
  22153  2899        7.8497    29        8.6349        6.7639   566355   21.67%
  28920  1761        cutoff              8.6349        7.3497   684249   14.88%
Elapsed real time =   6.33 sec. (tree size =  0.61 MB, solutions = 61)

Cover cuts applied:  5
Implied bound cuts applied:  142
Flow cuts applied:  63
Mixed integer rounding cuts applied:  108
Gomory fractional cuts applied:  80

Root node processing (before b&c):
  Real time             =    0.09
Parallel b&c, 4 threads:
  Real time             =    6.69
  Sync time (average)   =    0.01
  Wait time (average)   =    0.00
                          -------
Total (root+branch&cut) =    6.78 sec.
STATUS : Optimal
Solution status = Optimal
 Number of constraints = 670
Solution value  = 8.63494
c(0)=3.11365 c(1)=8.63494 c(2)=4.69944 c(3)=0.763932 c(4)=6.2273 c(5)=0.821854 c(6)=6.28522 c(7)=2.34972 c(8)=7.81309 c(9)=3.87758 c(10)=7.87101 c(11)=3.9355 c(12)=0 c(13)=5.46337 c(14)=1.52786 c(15)=5.52129 c(16)=1.58579 c(17)=7.04916 c(18)=3.11365 c(19)=8.63494 c(20)=3.17157 c(21)=8.63494 c(22)=4.69944 c(23)=0.763932 c(24)=6.2273 