Start with the file ../data/square_lattice.dat

Graph (V,E) with |V|= 25 and diameter = 8

Coordinates: 
vertex 1 : 0 0
vertex 2 : 1 0
vertex 3 : 2 0
vertex 4 : 3 0
vertex 5 : 4 0
vertex 6 : 0 1
vertex 7 : 1 1
vertex 8 : 2 1
vertex 9 : 3 1
vertex 10 : 4 1
vertex 11 : 0 2
vertex 12 : 1 2
vertex 13 : 2 2
vertex 14 : 3 2
vertex 15 : 4 2
vertex 16 : 0 3
vertex 17 : 1 3
vertex 18 : 2 3
vertex 19 : 3 3
vertex 20 : 4 3
vertex 21 : 0 4
vertex 22 : 1 4
vertex 23 : 2 4
vertex 24 : 3 4
vertex 25 : 4 4

Distances: 
  0   1   2   3   4   1 1.41421 2.23607 3.16228 4.12311   2 2.23607 2.82843 3.60555 4.47214   3 3.16228 3.60555 4.24264   5   4 4.12311 4.47214   5 5.65685 
  1   0   1   2   3 1.41421   1 1.41421 2.23607 3.16228 2.23607   2 2.23607 2.82843 3.60555 3.16228   3 3.16228 3.60555 4.24264 4.12311   4 4.12311 4.47214   5 
  2   1   0   1   2 2.23607 1.41421   1 1.41421 2.23607 2.82843 2.23607   2 2.23607 2.82843 3.60555 3.16228   3 3.16228 3.60555 4.47214 4.12311   4 4.12311 4.47214 
  3   2   1   0   1 3.16228 2.23607 1.41421   1 1.41421 3.60555 2.82843 2.23607   2 2.23607 4.24264 3.60555 3.16228   3 3.16228   5 4.47214 4.12311   4 4.12311 
  4   3   2   1   0 4.12311 3.16228 2.23607 1.41421   1 4.47214 3.60555 2.82843 2.23607   2   5 4.24264 3.60555 3.16228   3 5.65685   5 4.47214 4.12311   4 
  1 1.41421 2.23607 3.16228 4.12311   0   1   2   3   4   1 1.41421 2.23607 3.16228 4.12311   2 2.23607 2.82843 3.60555 4.47214   3 3.16228 3.60555 4.24264   5 
1.41421   1 1.41421 2.23607 3.16228   1   0   1   2   3 1.41421   1 1.41421 2.23607 3.16228 2.23607   2 2.23607 2.82843 3.60555 3.16228   3 3.16228 3.60555 4.24264 
2.23607 1.41421   1 1.41421 2.23607   2   1   0   1   2 2.23607 1.41421   1 1.41421 2.23607 2.82843 2.23607   2 2.23607 2.82843 3.60555 3.16228   3 3.16228 3.60555 
3.16228 2.23607 1.41421   1 1.41421   3   2   1   0   1 3.16228 2.23607 1.41421   1 1.41421 3.60555 2.82843 2.23607   2 2.23607 4.24264 3.60555 3.16228   3 3.16228 
4.12311 3.16228 2.23607 1.41421   1   4   3   2   1   0 4.12311 3.16228 2.23607 1.41421   1 4.47214 3.60555 2.82843 2.23607   2   5 4.24264 3.60555 3.16228   3 
  2 2.23607 2.82843 3.60555 4.47214   1 1.41421 2.23607 3.16228 4.12311   0   1   2   3   4   1 1.41421 2.23607 3.16228 4.12311   2 2.23607 2.82843 3.60555 4.47214 
2.23607   2 2.23607 2.82843 3.60555 1.41421   1 1.41421 2.23607 3.16228   1   0   1   2   3 1.41421   1 1.41421 2.23607 3.16228 2.23607   2 2.23607 2.82843 3.60555 
2.82843 2.23607   2 2.23607 2.82843 2.23607 1.41421   1 1.41421 2.23607   2   1   0   1   2 2.23607 1.41421   1 1.41421 2.23607 2.82843 2.23607   2 2.23607 2.82843 
3.60555 2.82843 2.23607   2 2.23607 3.16228 2.23607 1.41421   1 1.41421   3   2   1   0   1 3.16228 2.23607 1.41421   1 1.41421 3.60555 2.82843 2.23607   2 2.23607 
4.47214 3.60555 2.82843 2.23607   2 4.12311 3.16228 2.23607 1.41421   1   4   3   2   1   0 4.12311 3.16228 2.23607 1.41421   1 4.47214 3.60555 2.82843 2.23607   2 
  3 3.16228 3.60555 4.24264   5   2 2.23607 2.82843 3.60555 4.47214   1 1.41421 2.23607 3.16228 4.12311   0   1   2   3   4   1 1.41421 2.23607 3.16228 4.12311 
3.16228   3 3.16228 3.60555 4.24264 2.23607   2 2.23607 2.82843 3.60555 1.41421   1 1.41421 2.23607 3.16228   1   0   1   2   3 1.41421   1 1.41421 2.23607 3.16228 
3.60555 3.16228   3 3.16228 3.60555 2.82843 2.23607   2 2.23607 2.82843 2.23607 1.41421   1 1.41421 2.23607   2   1   0   1   2 2.23607 1.41421   1 1.41421 2.23607 
4.24264 3.60555 3.16228   3 3.16228 3.60555 2.82843 2.23607   2 2.23607 3.16228 2.23607 1.41421   1 1.41421   3   2   1   0   1 3.16228 2.23607 1.41421   1 1.41421 
  5 4.24264 3.60555 3.16228   3 4.47214 3.60555 2.82843 2.23607   2 4.12311 3.16228 2.23607 1.41421   1   4   3   2   1   0 4.12311 3.16228 2.23607 1.41421   1 
  4 4.12311 4.47214   5 5.65685   3 3.16228 3.60555 4.24264   5   2 2.23607 2.82843 3.60555 4.47214   1 1.41421 2.23607 3.16228 4.12311   0   1   2   3   4 
4.12311   4 4.12311 4.47214   5 3.16228   3 3.16228 3.60555 4.24264 2.23607   2 2.23607 2.82843 3.60555 1.41421   1 1.41421 2.23607 3.16228   1   0   1   2   3 
4.47214 4.12311   4 4.12311 4.47214 3.60555 3.16228   3 3.16228 3.60555 2.82843 2.23607   2 2.23607 2.82843 2.23607 1.41421   1 1.41421 2.23607   2   1   0   1   2 
  5 4.47214 4.12311   4 4.12311 4.24264 3.60555 3.16228   3 3.16228 3.60555 2.82843 2.23607   2 2.23607 3.16228 2.23607 1.41421   1 1.41421   3   2   1   0   1 
5.65685   5 4.47214 4.12311   4   5 4.24264 3.60555 3.16228   3 4.47214 3.60555 2.82843 2.23607   2 4.12311 3.16228 2.23607 1.41421   1   4   3   2   1   0 
d: 
  4   3   2   1   0   3   2   1   0   0   2   1   0   0   0   1   0   0   0   0   0   0   0   0   0 
  3   4   3   2   1   2   3   2   1   0   1   2   1   0   0   0   1   0   0   0   0   0   0   0   0 
  2   3   4   3   2   1   2   3   2   1   0   1   2   1   0   0   0   1   0   0   0   0   0   0   0 
  1   2   3   4   3   0   1   2   3   2   0   0   1   2   1   0   0   0   1   0   0   0   0   0   0 
  0   1   2   3   4   0   0   1   2   3   0   0   0   1   2   0   0   0   0   1   0   0   0   0   0 
  3   2   1   0   0   4   3   2   1   0   3   2   1   0   0   2   1   0   0   0   1   0   0   0   0 
  2   3   2   1   0   3   4   3   2   1   2   3   2   1   0   1   2   1   0   0   0   1   0   0   0 
  1   2   3   2   1   2   3   4   3   2   1   2   3   2   1   0   1   2   1   0   0   0   1   0   0 
  0   1   2   3   2   1   2   3   4   3   0   1   2   3   2   0   0   1   2   1   0   0   0   1   0 
  0   0   1   2   3   0   1   2   3   4   0   0   1   2   3   0   0   0   1   2   0   0   0   0   1 
  2   1   0   0   0   3   2   1   0   0   4   3   2   1   0   3   2   1   0   0   2   1   0   0   0 
  1   2   1   0   0   2   3   2   1   0   3   4   3   2   1   2   3   2   1   0   1   2   1   0   0 
  0   1   2   1   0   1   2   3   2   1   2   3   4   3   2   1   2   3   2   1   0   1   2   1   0 
  0   0   1   2   1   0   1   2   3   2   1   2   3   4   3   0   1   2   3   2   0   0   1   2   1 
  0   0   0   1   2   0   0   1   2   3   0   1   2   3   4   0   0   1   2   3   0   0   0   1   2 
  1   0   0   0   0   2   1   0   0   0   3   2   1   0   0   4   3   2   1   0   3   2   1   0   0 
  0   1   0   0   0   1   2   1   0   0   2   3   2   1   0   3   4   3   2   1   2   3   2   1   0 
  0   0   1   0   0   0   1   2   1   0   1   2   3   2   1   2   3   4   3   2   1   2   3   2   1 
  0   0   0   1   0   0   0   1   2   1   0   1   2   3   2   1   2   3   4   3   0   1   2   3   2 
  0   0   0   0   1   0   0   0   1   2   0   0   1   2   3   0   1   2   3   4   0   0   1   2   3 
  0   0   0   0   0   1   0   0   0   0   2   1   0   0   0   3   2   1   0   0   4   3   2   1   0 
  0   0   0   0   0   0   1   0   0   0   1   2   1   0   0   2   3   2   1   0   3   4   3   2   1 
  0   0   0   0   0   0   0   1   0   0   0   1   2   1   0   1   2   3   2   1   2   3   4   3   2 
  0   0   0   0   0   0   0   0   1   0   0   0   1   2   1   0   1   2   3   2   1   2   3   4   3 
  0   0   0   0   0   0   0   0   0   1   0   0   0   1   2   0   0   1   2   3   0   1   2   3   4 

max distance : 9
Number of variables 326
Tried aggregator 1 time.
MIP Presolve eliminated 26 rows and 1 columns.
Reduced MIP has 625 rows, 326 columns, and 1850 nonzeros.
Reduced MIP has 300 binaries, 0 generals, 0 SOSs, and 0 indicators.
Probing fixed 0 vars, tightened 1 bounds.
Probing time =    0.00 sec.
Tried aggregator 1 time.
Presolve time =    0.01 sec.
Found feasible solution after 0.01 sec.  Objective = 100.0000
Probing time =    0.00 sec.
MIP emphasis: balance optimality and feasibility.
MIP search method: dynamic search.
Parallel mode: deterministic, using up to 4 threads.
Root relaxation solution time =    0.00 sec.

        Nodes                                         Cuts/
   Node  Left     Objective  IInf  Best Integer    Best Bound    ItCnt     Gap

*     0+    0                          100.0000                    170     --- 
      0     0        3.0000   170      100.0000        3.0000      170   97.00%
*     0+    0                           60.0000        3.0000      170   95.00%
      0     0        3.0000   148       60.0000      Cuts: 59      246   95.00%
      0     0        3.0000   125       60.0000     Cuts: 256      468   95.00%
      0     0        3.0000   142       60.0000     Cuts: 256      606   95.00%
      0     0        3.0000   130       60.0000     Cuts: 256      836   95.00%
      0     0        3.0000   128       60.0000     Cuts: 256     1047   95.00%
*     0+    0                           19.0000        3.0000     1047   84.21%
      0     2        3.0000   128       19.0000        3.0000     1047   84.21%
Elapsed real time =   0.12 sec. (tree size =  0.01 MB, solutions = 3)
*   195+  195                           18.0000        3.0000     5693   83.33%
*   258   250      integral     0       16.0000        3.0000     6207   81.25%
*   614+  543                           15.0000        3.0000    13686   80.00%
*  1038   862      integral     0       14.0000        3.2857    22300   76.53%
*  1259   976      integral     0       13.0000        3.2857    26267   74.73%
   2522  1808        3.8572   156       13.0000        4.0000    52006   69.23%
   2523  1809        3.9158   141       13.0000        4.0000    52050   69.23%
*  3297  1091      integral     0       13.0000        5.2667    64667   59.49%
*  3302   901      integral     0       12.0000        5.2667    64789   56.11%
*  3963   772      integral     0       12.0000        6.0000    79447   50.00%
   5135  1255        8.0000    48       12.0000        7.0000   104845   41.67%
*  8848  2361      integral     0       11.0000        8.0000   184293   27.27%
Elapsed real time =  68.20 sec. (tree size =  1.04 MB, solutions = 14)
*  9671  1452      integral     0       11.0000        9.0000   199693   18.18%

Cover cuts applied:  2
Implied bound cuts applied:  312
Flow cuts applied:  108
Mixed integer rounding cuts applied:  277
Gomory fractional cuts applied:  10

Root node processing (before b&c):
  Real time             =    0.11
Parallel b&c, 4 threads:
  Real time             =   68.77
  Sync time (average)   =    0.01
  Wait time (average)   =    0.00
                          -------
Total (root+branch&cut) =   68.87 sec.
STATUS : Optimal
Solution status = Optimal
 Number of constraints = 651
Solution value  = 11
c(0)=6 c(1)=9 c(2)=0 c(3)=3 c(4)=6 c(5)=11 c(6)=2 c(7)=5 c(8)=8 c(9)=11 c(10)=4 c(11)=7 c(12)=10 c(13)=1 c(14)=4 c(15)=9 c(16)=0 c(17)=3 c(18)=6 c(19)=9 c(20)=2 c(21)=5 c(22)=8 c(23)=11 c(24)=0 
