Start with the file ../data/square_lattice.dat

Graph (V,E) with |V|= 25 and diameter = 8

Coordinates: 
vertex 1 : 0 0
vertex 2 : 1 0
vertex 3 : 2 0
vertex 4 : 3 0
vertex 5 : 4 0
vertex 6 : 0 1
vertex 7 : 1 1
vertex 8 : 2 1
vertex 9 : 3 1
vertex 10 : 4 1
vertex 11 : 0 2
vertex 12 : 1 2
vertex 13 : 2 2
vertex 14 : 3 2
vertex 15 : 4 2
vertex 16 : 0 3
vertex 17 : 1 3
vertex 18 : 2 3
vertex 19 : 3 3
vertex 20 : 4 3
vertex 21 : 0 4
vertex 22 : 1 4
vertex 23 : 2 4
vertex 24 : 3 4
vertex 25 : 4 4

Distances: 
  0   1   2   3   4   1 1.41421 2.23607 3.16228 4.12311   2 2.23607 2.82843 3.60555 4.47214   3 3.16228 3.60555 4.24264   5   4 4.12311 4.47214   5 5.65685 
  1   0   1   2   3 1.41421   1 1.41421 2.23607 3.16228 2.23607   2 2.23607 2.82843 3.60555 3.16228   3 3.16228 3.60555 4.24264 4.12311   4 4.12311 4.47214   5 
  2   1   0   1   2 2.23607 1.41421   1 1.41421 2.23607 2.82843 2.23607   2 2.23607 2.82843 3.60555 3.16228   3 3.16228 3.60555 4.47214 4.12311   4 4.12311 4.47214 
  3   2   1   0   1 3.16228 2.23607 1.41421   1 1.41421 3.60555 2.82843 2.23607   2 2.23607 4.24264 3.60555 3.16228   3 3.16228   5 4.47214 4.12311   4 4.12311 
  4   3   2   1   0 4.12311 3.16228 2.23607 1.41421   1 4.47214 3.60555 2.82843 2.23607   2   5 4.24264 3.60555 3.16228   3 5.65685   5 4.47214 4.12311   4 
  1 1.41421 2.23607 3.16228 4.12311   0   1   2   3   4   1 1.41421 2.23607 3.16228 4.12311   2 2.23607 2.82843 3.60555 4.47214   3 3.16228 3.60555 4.24264   5 
1.41421   1 1.41421 2.23607 3.16228   1   0   1   2   3 1.41421   1 1.41421 2.23607 3.16228 2.23607   2 2.23607 2.82843 3.60555 3.16228   3 3.16228 3.60555 4.24264 
2.23607 1.41421   1 1.41421 2.23607   2   1   0   1   2 2.23607 1.41421   1 1.41421 2.23607 2.82843 2.23607   2 2.23607 2.82843 3.60555 3.16228   3 3.16228 3.60555 
3.16228 2.23607 1.41421   1 1.41421   3   2   1   0   1 3.16228 2.23607 1.41421   1 1.41421 3.60555 2.82843 2.23607   2 2.23607 4.24264 3.60555 3.16228   3 3.16228 
4.12311 3.16228 2.23607 1.41421   1   4   3   2   1   0 4.12311 3.16228 2.23607 1.41421   1 4.47214 3.60555 2.82843 2.23607   2   5 4.24264 3.60555 3.16228   3 
  2 2.23607 2.82843 3.60555 4.47214   1 1.41421 2.23607 3.16228 4.12311   0   1   2   3   4   1 1.41421 2.23607 3.16228 4.12311   2 2.23607 2.82843 3.60555 4.47214 
2.23607   2 2.23607 2.82843 3.60555 1.41421   1 1.41421 2.23607 3.16228   1   0   1   2   3 1.41421   1 1.41421 2.23607 3.16228 2.23607   2 2.23607 2.82843 3.60555 
2.82843 2.23607   2 2.23607 2.82843 2.23607 1.41421   1 1.41421 2.23607   2   1   0   1   2 2.23607 1.41421   1 1.41421 2.23607 2.82843 2.23607   2 2.23607 2.82843 
3.60555 2.82843 2.23607   2 2.23607 3.16228 2.23607 1.41421   1 1.41421   3   2   1   0   1 3.16228 2.23607 1.41421   1 1.41421 3.60555 2.82843 2.23607   2 2.23607 
4.47214 3.60555 2.82843 2.23607   2 4.12311 3.16228 2.23607 1.41421   1   4   3   2   1   0 4.12311 3.16228 2.23607 1.41421   1 4.47214 3.60555 2.82843 2.23607   2 
  3 3.16228 3.60555 4.24264   5   2 2.23607 2.82843 3.60555 4.47214   1 1.41421 2.23607 3.16228 4.12311   0   1   2   3   4   1 1.41421 2.23607 3.16228 4.12311 
3.16228   3 3.16228 3.60555 4.24264 2.23607   2 2.23607 2.82843 3.60555 1.41421   1 1.41421 2.23607 3.16228   1   0   1   2   3 1.41421   1 1.41421 2.23607 3.16228 
3.60555 3.16228   3 3.16228 3.60555 2.82843 2.23607   2 2.23607 2.82843 2.23607 1.41421   1 1.41421 2.23607   2   1   0   1   2 2.23607 1.41421   1 1.41421 2.23607 
4.24264 3.60555 3.16228   3 3.16228 3.60555 2.82843 2.23607   2 2.23607 3.16228 2.23607 1.41421   1 1.41421   3   2   1   0   1 3.16228 2.23607 1.41421   1 1.41421 
  5 4.24264 3.60555 3.16228   3 4.47214 3.60555 2.82843 2.23607   2 4.12311 3.16228 2.23607 1.41421   1   4   3   2   1   0 4.12311 3.16228 2.23607 1.41421   1 
  4 4.12311 4.47214   5 5.65685   3 3.16228 3.60555 4.24264   5   2 2.23607 2.82843 3.60555 4.47214   1 1.41421 2.23607 3.16228 4.12311   0   1   2   3   4 
4.12311   4 4.12311 4.47214   5 3.16228   3 3.16228 3.60555 4.24264 2.23607   2 2.23607 2.82843 3.60555 1.41421   1 1.41421 2.23607 3.16228   1   0   1   2   3 
4.47214 4.12311   4 4.12311 4.47214 3.60555 3.16228   3 3.16228 3.60555 2.82843 2.23607   2 2.23607 2.82843 2.23607 1.41421   1 1.41421 2.23607   2   1   0   1   2 
  5 4.47214 4.12311   4 4.12311 4.24264 3.60555 3.16228   3 3.16228 3.60555 2.82843 2.23607   2 2.23607 3.16228 2.23607 1.41421   1 1.41421   3   2   1   0   1 
5.65685   5 4.47214 4.12311   4   5 4.24264 3.60555 3.16228   3 4.47214 3.60555 2.82843 2.23607   2 4.12311 3.16228 2.23607 1.41421   1   4   3   2   1   0 
d: 
  4   3   2   1   0   3   2   1   0   0   2   1   0   0   0   1   0   0   0   0   0   0   0   0   0 
  3   4   3   2   1   2   3   2   1   0   1   2   1   0   0   0   1   0   0   0   0   0   0   0   0 
  2   3   4   3   2   1   2   3   2   1   0   1   2   1   0   0   0   1   0   0   0   0   0   0   0 
  1   2   3   4   3   0   1   2   3   2   0   0   1   2   1   0   0   0   1   0   0   0   0   0   0 
  0   1   2   3   4   0   0   1   2   3   0   0   0   1   2   0   0   0   0   1   0   0   0   0   0 
  3   2   1   0   0   4   3   2   1   0   3   2   1   0   0   2   1   0   0   0   1   0   0   0   0 
  2   3   2   1   0   3   4   3   2   1   2   3   2   1   0   1   2   1   0   0   0   1   0   0   0 
  1   2   3   2   1   2   3   4   3   2   1   2   3   2   1   0   1   2   1   0   0   0   1   0   0 
  0   1   2   3   2   1   2   3   4   3   0   1   2   3   2   0   0   1   2   1   0   0   0   1   0 
  0   0   1   2   3   0   1   2   3   4   0   0   1   2   3   0   0   0   1   2   0   0   0   0   1 
  2   1   0   0   0   3   2   1   0   0   4   3   2   1   0   3   2   1   0   0   2   1   0   0   0 
  1   2   1   0   0   2   3   2   1   0   3   4   3   2   1   2   3   2   1   0   1   2   1   0   0 
  0   1   2   1   0   1   2   3   2   1   2   3   4   3   2   1   2   3   2   1   0   1   2   1   0 
  0   0   1   2   1   0   1   2   3   2   1   2   3   4   3   0   1   2   3   2   0   0   1   2   1 
  0   0   0   1   2   0   0   1   2   3   0   1   2   3   4   0   0   1   2   3   0   0   0   1   2 
  1   0   0   0   0   2   1   0   0   0   3   2   1   0   0   4   3   2   1   0   3   2   1   0   0 
  0   1   0   0   0   1   2   1   0   0   2   3   2   1   0   3   4   3   2   1   2   3   2   1   0 
  0   0   1   0   0   0   1   2   1   0   1   2   3   2   1   2   3   4   3   2   1   2   3   2   1 
  0   0   0   1   0   0   0   1   2   1   0   1   2   3   2   1   2   3   4   3   0   1   2   3   2 
  0   0   0   0   1   0   0   0   1   2   0   0   1   2   3   0   1   2   3   4   0   0   1   2   3 
  0   0   0   0   0   1   0   0   0   0   2   1   0   0   0   3   2   1   0   0   4   3   2   1   0 
  0   0   0   0   0   0   1   0   0   0   1   2   1   0   0   2   3   2   1   0   3   4   3   2   1 
  0   0   0   0   0   0   0   1   0   0   0   1   2   1   0   1   2   3   2   1   2   3   4   3   2 
  0   0   0   0   0   0   0   0   1   0   0   0   1   2   1   0   1   2   3   2   1   2   3   4   3 
  0   0   0   0   0   0   0   0   0   1   0   0   0   1   2   0   0   1   2   3   0   1   2   3   4 

max distance : 9
Number of variables 326
Tried aggregator 1 time.
MIP Presolve eliminated 26 rows and 1 columns.
Reduced MIP has 625 rows, 326 columns, and 1850 nonzeros.
Reduced MIP has 300 binaries, 0 generals, 0 SOSs, and 0 indicators.
Probing fixed 0 vars, tightened 1 bounds.
Probing time =    0.00 sec.
Tried aggregator 1 time.
Presolve time =    0.00 sec.
Found feasible solution after 0.01 sec.  Objective = 100.0000
Probing time =    0.00 sec.
MIP emphasis: balance optimality and feasibility.
MIP search method: dynamic search.
Parallel mode: deterministic, using up to 4 threads.
Root relaxation solution time =    0.00 sec.

        Nodes                                         Cuts/
   Node  Left     Objective  IInf  Best Integer    Best Bound    ItCnt     Gap

*     0+    0                          100.0000                    170     --- 
      0     0        3.0000   170      100.0000        3.0000      170   97.00%
*     0+    0                           60.0000        3.0000      170   95.00%
      0     0        3.0000   148       60.0000      Cuts: 59      246   95.00%
      0     0        3.0000   125       60.0000     Cuts: 256      468   95.00%
      0     0        3.0000   142       60.0000     Cuts: 256      606   95.00%
      0     0        3.0000   130       60.0000     Cuts: 256      836   95.00%
      0     0        3.0000   128       60.0000     Cuts: 256     1047   95.00%
*     0+    0                           19.0000        3.0000     1047   84.21%
      0     2        3.0000   128       19.0000        3.0000     1047   84.21%
Elapsed time =   0.22 sec. (tree size =  0.01 MB, solutions = 3)
*   195+  195                           18.0000        3.0000     5693   83.33%
*   258   250      integral     0       16.0000        3.0000     6207   81.25%
*   614+  543                           15.0000        3.0000    13686   80.00%
*  1038   862      integral     0       14.0000        3.2857    22300   76.53%
*  1259   976      integral     0       13.0000        3.2857    26267   74.73%
   2522  1808        3.8572   156       13.0000        4.0000    52006   69.23%
   2523  1809        3.9158   141       13.0000        4.0000    52050   69.23%
   2526  1812        5.0000    86       13.0000        4.0000    52331   69.23%
   2534  1818        9.0000    46       13.0000        4.0000    52782   69.23%
*  2911  1107      integral     0       13.0000        5.0000    59809   61.54%
*  3880+  998                           12.0000        6.0000    78953   50.00%
   3994   807        7.0000    43       12.0000        6.0000    81871   50.00%
*  5088  1152      integral     0       11.0000        7.0000   107418   36.36%
Elapsed time =   5.29 sec. (tree size =  0.60 MB, solutions = 15)
   9266   706       10.0000    34       11.0000        9.0000   190123   18.18%
* 13108    54      integral     0       11.0000       10.0000   252962    9.09%

Implied bound cuts applied:  322
Flow cuts applied:  131
Mixed integer rounding cuts applied:  315
Gomory fractional cuts applied:  13

Root node processing (before b&c):
  Real time             =    0.22
Parallel b&c, 4 threads:
  Real time             =    9.95
  Sync time (average)   =    0.00
  Wait time (average)   =    0.00
                          -------
Total (root+branch&cut) =   10.17 sec.
STATUS : Optimal
Solution status = Optimal
time with cplex.getTime(): 10.17
 Number of constraints = 651
Solution value  = 11
c(0)=0 c(1)=8 c(2)=3 c(3)=10 c(4)=5 c(5)=4 c(6)=11 c(7)=6 c(8)=1 c(9)=8 c(10)=7 c(11)=2 c(12)=9 c(13)=4 c(14)=11 c(15)=10 c(16)=5 c(17)=0 c(18)=7 c(19)=2 c(20)=1 c(21)=8 c(22)=3 c(23)=10 c(24)=5 
10.18user 0.06system 0:04.26elapsed 240%CPU (0avgtext+0avgdata 62724maxresident)k
0inputs+11072outputs (0major+16031minor)pagefaults 0swaps
