 numAddVar 300

Graph (V,E) with |V|= 25 and diameter = 8

Coordinates: 
vertex 1 : 0 0
vertex 2 : 1 0
vertex 3 : 2 0
vertex 4 : 3 0
vertex 5 : 4 0
vertex 6 : 0 1
vertex 7 : 1 1
vertex 8 : 2 1
vertex 9 : 3 1
vertex 10 : 4 1
vertex 11 : 0 2
vertex 12 : 1 2
vertex 13 : 2 2
vertex 14 : 3 2
vertex 15 : 4 2
vertex 16 : 0 3
vertex 17 : 1 3
vertex 18 : 2 3
vertex 19 : 3 3
vertex 20 : 4 3
vertex 21 : 0 4
vertex 22 : 1 4
vertex 23 : 2 4
vertex 24 : 3 4
vertex 25 : 4 4

Distances: 
  0   1   2   3   4   1 1.41421 2.23607 3.16228 4.12311   2 2.23607 2.82843 3.60555 4.47214   3 3.16228 3.60555 4.24264   5   4 4.12311 4.47214   5 5.65685 
  1   0   1   2   3 1.41421   1 1.41421 2.23607 3.16228 2.23607   2 2.23607 2.82843 3.60555 3.16228   3 3.16228 3.60555 4.24264 4.12311   4 4.12311 4.47214   5 
  2   1   0   1   2 2.23607 1.41421   1 1.41421 2.23607 2.82843 2.23607   2 2.23607 2.82843 3.60555 3.16228   3 3.16228 3.60555 4.47214 4.12311   4 4.12311 4.47214 
  3   2   1   0   1 3.16228 2.23607 1.41421   1 1.41421 3.60555 2.82843 2.23607   2 2.23607 4.24264 3.60555 3.16228   3 3.16228   5 4.47214 4.12311   4 4.12311 
  4   3   2   1   0 4.12311 3.16228 2.23607 1.41421   1 4.47214 3.60555 2.82843 2.23607   2   5 4.24264 3.60555 3.16228   3 5.65685   5 4.47214 4.12311   4 
  1 1.41421 2.23607 3.16228 4.12311   0   1   2   3   4   1 1.41421 2.23607 3.16228 4.12311   2 2.23607 2.82843 3.60555 4.47214   3 3.16228 3.60555 4.24264   5 
1.41421   1 1.41421 2.23607 3.16228   1   0   1   2   3 1.41421   1 1.41421 2.23607 3.16228 2.23607   2 2.23607 2.82843 3.60555 3.16228   3 3.16228 3.60555 4.24264 
2.23607 1.41421   1 1.41421 2.23607   2   1   0   1   2 2.23607 1.41421   1 1.41421 2.23607 2.82843 2.23607   2 2.23607 2.82843 3.60555 3.16228   3 3.16228 3.60555 
3.16228 2.23607 1.41421   1 1.41421   3   2   1   0   1 3.16228 2.23607 1.41421   1 1.41421 3.60555 2.82843 2.23607   2 2.23607 4.24264 3.60555 3.16228   3 3.16228 
4.12311 3.16228 2.23607 1.41421   1   4   3   2   1   0 4.12311 3.16228 2.23607 1.41421   1 4.47214 3.60555 2.82843 2.23607   2   5 4.24264 3.60555 3.16228   3 
  2 2.23607 2.82843 3.60555 4.47214   1 1.41421 2.23607 3.16228 4.12311   0   1   2   3   4   1 1.41421 2.23607 3.16228 4.12311   2 2.23607 2.82843 3.60555 4.47214 
2.23607   2 2.23607 2.82843 3.60555 1.41421   1 1.41421 2.23607 3.16228   1   0   1   2   3 1.41421   1 1.41421 2.23607 3.16228 2.23607   2 2.23607 2.82843 3.60555 
2.82843 2.23607   2 2.23607 2.82843 2.23607 1.41421   1 1.41421 2.23607   2   1   0   1   2 2.23607 1.41421   1 1.41421 2.23607 2.82843 2.23607   2 2.23607 2.82843 
3.60555 2.82843 2.23607   2 2.23607 3.16228 2.23607 1.41421   1 1.41421   3   2   1   0   1 3.16228 2.23607 1.41421   1 1.41421 3.60555 2.82843 2.23607   2 2.23607 
4.47214 3.60555 2.82843 2.23607   2 4.12311 3.16228 2.23607 1.41421   1   4   3   2   1   0 4.12311 3.16228 2.23607 1.41421   1 4.47214 3.60555 2.82843 2.23607   2 
  3 3.16228 3.60555 4.24264   5   2 2.23607 2.82843 3.60555 4.47214   1 1.41421 2.23607 3.16228 4.12311   0   1   2   3   4   1 1.41421 2.23607 3.16228 4.12311 
3.16228   3 3.16228 3.60555 4.24264 2.23607   2 2.23607 2.82843 3.60555 1.41421   1 1.41421 2.23607 3.16228   1   0   1   2   3 1.41421   1 1.41421 2.23607 3.16228 
3.60555 3.16228   3 3.16228 3.60555 2.82843 2.23607   2 2.23607 2.82843 2.23607 1.41421   1 1.41421 2.23607   2   1   0   1   2 2.23607 1.41421   1 1.41421 2.23607 
4.24264 3.60555 3.16228   3 3.16228 3.60555 2.82843 2.23607   2 2.23607 3.16228 2.23607 1.41421   1 1.41421   3   2   1   0   1 3.16228 2.23607 1.41421   1 1.41421 
  5 4.24264 3.60555 3.16228   3 4.47214 3.60555 2.82843 2.23607   2 4.12311 3.16228 2.23607 1.41421   1   4   3   2   1   0 4.12311 3.16228 2.23607 1.41421   1 
  4 4.12311 4.47214   5 5.65685   3 3.16228 3.60555 4.24264   5   2 2.23607 2.82843 3.60555 4.47214   1 1.41421 2.23607 3.16228 4.12311   0   1   2   3   4 
4.12311   4 4.12311 4.47214   5 3.16228   3 3.16228 3.60555 4.24264 2.23607   2 2.23607 2.82843 3.60555 1.41421   1 1.41421 2.23607 3.16228   1   0   1   2   3 
4.47214 4.12311   4 4.12311 4.47214 3.60555 3.16228   3 3.16228 3.60555 2.82843 2.23607   2 2.23607 2.82843 2.23607 1.41421   1 1.41421 2.23607   2   1   0   1   2 
  5 4.47214 4.12311   4 4.12311 4.24264 3.60555 3.16228   3 3.16228 3.60555 2.82843 2.23607   2 2.23607 3.16228 2.23607 1.41421   1 1.41421   3   2   1   0   1 
5.65685   5 4.47214 4.12311   4   5 4.24264 3.60555 3.16228   3 4.47214 3.60555 2.82843 2.23607   2 4.12311 3.16228 2.23607 1.41421   1   4   3   2   1   0 
d: 
  0   2   1   0   0   2 1.58579 0.763932   0   0   1 0.763932 0.171573   0   0   0   0   0   0   0   0   0   0   0   0 
  2   0   2   1   0 1.58579   2 1.58579 0.763932   0 0.763932   1 0.763932 0.171573   0   0   0   0   0   0   0   0   0   0   0 
  1   2   0   2   1 0.763932 1.58579   2 1.58579 0.763932 0.171573 0.763932   1 0.763932 0.171573   0   0   0   0   0   0   0   0   0   0 
  0   1   2   0   2   0 0.763932 1.58579   2 1.58579   0 0.171573 0.763932   1 0.763932   0   0   0   0   0   0   0   0   0   0 
  0   0   1   2   0   0   0 0.763932 1.58579   2   0   0 0.171573 0.763932   1   0   0   0   0   0   0   0   0   0   0 
  2 1.58579 0.763932   0   0   0   2   1   0   0   2 1.58579 0.763932   0   0   1 0.763932 0.171573   0   0   0   0   0   0   0 
1.58579   2 1.58579 0.763932   0   2   0   2   1   0 1.58579   2 1.58579 0.763932   0 0.763932   1 0.763932 0.171573   0   0   0   0   0   0 
0.763932 1.58579   2 1.58579 0.763932   1   2   0   2   1 0.763932 1.58579   2 1.58579 0.763932 0.171573 0.763932   1 0.763932 0.171573   0   0   0   0   0 
  0 0.763932 1.58579   2 1.58579   0   1   2   0   2   0 0.763932 1.58579   2 1.58579   0 0.171573 0.763932   1 0.763932   0   0   0   0   0 
  0   0 0.763932 1.58579   2   0   0   1   2   0   0   0 0.763932 1.58579   2   0   0 0.171573 0.763932   1   0   0   0   0   0 
  1 0.763932 0.171573   0   0   2 1.58579 0.763932   0   0   0   2   1   0   0   2 1.58579 0.763932   0   0   1 0.763932 0.171573   0   0 
0.763932   1 0.763932 0.171573   0 1.58579   2 1.58579 0.763932   0   2   0   2   1   0 1.58579   2 1.58579 0.763932   0 0.763932   1 0.763932 0.171573   0 
0.171573 0.763932   1 0.763932 0.171573 0.763932 1.58579   2 1.58579 0.763932   1   2   0   2   1 0.763932 1.58579   2 1.58579 0.763932 0.171573 0.763932   1 0.763932 0.171573 
  0 0.171573 0.763932   1 0.763932   0 0.763932 1.58579   2 1.58579   0   1   2   0   2   0 0.763932 1.58579   2 1.58579   0 0.171573 0.763932   1 0.763932 
  0   0 0.171573 0.763932   1   0   0 0.763932 1.58579   2   0   0   1   2   0   0   0 0.763932 1.58579   2   0   0 0.171573 0.763932   1 
  0   0   0   0   0   1 0.763932 0.171573   0   0   2 1.58579 0.763932   0   0   0   2   1   0   0   2 1.58579 0.763932   0   0 
  0   0   0   0   0 0.763932   1 0.763932 0.171573   0 1.58579   2 1.58579 0.763932   0   2   0   2   1   0 1.58579   2 1.58579 0.763932   0 
  0   0   0   0   0 0.171573 0.763932   1 0.763932 0.171573 0.763932 1.58579   2 1.58579 0.763932   1   2   0   2   1 0.763932 1.58579   2 1.58579 0.763932 
  0   0   0   0   0   0 0.171573 0.763932   1 0.763932   0 0.763932 1.58579   2 1.58579   0   1   2   0   2   0 0.763932 1.58579   2 1.58579 
  0   0   0   0   0   0   0 0.171573 0.763932   1   0   0 0.763932 1.58579   2   0   0   1   2   0   0   0 0.763932 1.58579   2 
  0   0   0   0   0   0   0   0   0   0   1 0.763932 0.171573   0   0   2 1.58579 0.763932   0   0   0   2   1   0   0 
  0   0   0   0   0   0   0   0   0   0 0.763932   1 0.763932 0.171573   0 1.58579   2 1.58579 0.763932   0   2   0   2   1   0 
  0   0   0   0   0   0   0   0   0   0 0.171573 0.763932   1 0.763932 0.171573 0.763932 1.58579   2 1.58579 0.763932   1   2   0   2   1 
  0   0   0   0   0   0   0   0   0   0   0 0.171573 0.763932   1 0.763932   0 0.763932 1.58579   2 1.58579   0   1   2   0   2 
  0   0   0   0   0   0   0   0   0   0   0   0 0.171573 0.763932   1   0   0 0.763932 1.58579   2   0   0   1   2   0 

max distance : 2
Number of variables 326
Tried aggregator 1 time.
MIP Presolve eliminated 25 rows and 1 columns.
Reduced MIP has 633 rows, 326 columns, and 1898 nonzeros.
Reduced MIP has 300 binaries, 0 generals, 0 SOSs, and 0 indicators.
Presolve time = 0.00 sec. (0.67 ticks)
Found incumbent of value 40.000000 after 0.00 sec. (2.27 ticks)
Probing time = 0.00 sec. (0.45 ticks)
Tried aggregator 1 time.
Reduced MIP has 633 rows, 326 columns, and 1898 nonzeros.
Reduced MIP has 300 binaries, 0 generals, 0 SOSs, and 0 indicators.
Presolve time = 0.00 sec. (0.62 ticks)
Probing time = 0.01 sec. (0.45 ticks)
MIP emphasis: balance optimality and feasibility.
MIP search method: dynamic search.
Parallel mode: deterministic, using up to 4 threads.
Root relaxation solution time = 0.01 sec. (2.56 ticks)

        Nodes                                         Cuts/
   Node  Left     Objective  IInf  Best Integer    Best Bound    ItCnt     Gap

*     0+    0                           40.0000        0.0000      196  100.00%
      0     0        2.7045   168       40.0000        2.7045      196   93.24%
      0     0        2.7578   169       40.0000     Cuts: 258      620   93.11%
      0     0        3.0663   142       40.0000     Cuts: 156      760   92.33%
      0     0        3.5665   117       40.0000      Cuts: 81      869   91.08%
      0     0        3.7045   120       40.0000      Cuts: 26      943   90.74%
      0     0        3.7045   124       40.0000      Cuts: 40      972   90.74%
*     0+    0                           14.5279        3.7045     1026   74.50%
      0     0        3.7045   127       14.5279      Cuts: 14     1026   74.50%
*     0+    0                           13.3989        3.7046     1026   72.35%
      0     2        3.7045   127       13.3989        3.7046     1026   72.35%
Elapsed time = 0.50 sec. (153.66 ticks, tree = 0.01 MB, solutions = 3)
*     4+    4                           13.3989        3.7046     1236   72.35%
*   259+  259                           13.3344        3.7046     8131   72.22%
*   284+  282                           13.2918        3.7046     8430   72.13%
*   287   285      integral     0       13.2852        3.7046     8460   72.12%
*   290   285      integral     0       12.9355        3.7046     8476   71.36%
*   292   284      integral     0       12.6994        3.7046     8535   70.83%
*   386   371      integral     0       12.5279        3.7046     9987   70.43%
*   395   375      integral     0       12.3497        3.7046    10172   70.00%
*   429+  392                           12.2207        3.7046    11096   69.69%
*   729   676      integral     0       12.1137        3.7046    18062   69.42%
*   854+  779                           12.1071        3.7046    20467   69.40%
*   877   795      integral     0       11.8710        3.7046    20716   68.79%
*   917+  810                           11.8131        3.7160    21816   68.54%
*  1007+  883                           11.8065        3.7160    23247   68.53%
*  1009+  885                           11.7639        3.7160    23341   68.41%
*  1045   903      integral     0       11.6349        3.7160    23899   68.06%
*  1173  1000      integral     0       11.5770        3.7747    27062   67.39%
*  1201  1024      integral     0       11.4634        3.7747    27597   67.07%
Elapsed time = 1.18 sec. (374.68 ticks, tree = 0.39 MB, solutions = 19)
*  1358+ 1148                           11.4568        3.7747    31144   67.05%
*  1383  1169      integral     0       11.3431        3.7747    31686   66.72%
*  1456+ 1222                           11.2273        3.7747    33170   66.38%
*  1482+ 1235                           11.1137        3.7747    33686   66.04%
*  1560+ 1274                           10.9355        3.9688    35499   63.71%
*  1659+ 1318                           10.9355        3.9706    37647   63.69%
*  1695  1346      integral     0       10.9289        3.9706    38667   63.67%
*  1700  1344      integral     0       10.8710        3.9706    39029   63.48%
*  1919+ 1513                           10.8065        3.9732    44439   63.23%
*  1966  1538      integral     0       10.7574        3.9974    45618   62.84%
*  2114  1638      integral     0       10.6349        3.9974    48307   62.41%
*  2123+ 1609                           10.5147        4.0379    48830   61.60%
*  2282  1711      integral     0       10.4634        4.0379    53732   61.41%
*  2420  1810      integral     0       10.3989        4.0379    57178   61.17%
*  2526+ 1253                           10.2852        4.0379    61313   60.74%
*  2526+  834                           10.2207        4.0379    61994   60.49%
*  2540+  566                           10.2142        4.2239    63855   58.65%
*  2540+  382                           10.1005        4.2239    63855   58.18%
*  2733+  334                            9.9355        4.2239    72662   57.49%
*  2773+  292                            9.9289        4.2239    74509   57.46%
*  2796   267      integral     0        9.8710        4.2239    75105   57.21%
*  2799   245      integral     0        9.7574        4.2239    75114   56.71%
*  2841   246      integral     0        9.6349        4.2239    77245   56.16%
Elapsed time = 4.13 sec. (1380.71 ticks, tree = 0.11 MB, solutions = 48)
*  2897+  270                            9.5213        4.2239    80493   55.64%
*  3345   566      integral     0        9.4568        4.3998   100403   53.47%
*  3356   574      integral     0        9.3989        4.3998   100974   53.19%
*  3388   590      integral     0        9.3431        4.3998   102773   52.91%
*  3397   591      integral     0        9.1071        4.3998   103454   51.69%
*  3516   628      integral     0        8.6929        4.4756   111657   48.51%
*  3571   624      integral     0        8.6349        4.4974   116058   47.92%
   4681   838        5.4581    45        8.6349        4.9581   219769   42.58%
   5831   947        5.6412    46        8.6349        5.1834   325656   39.97%
   7040   869        6.5858    38        8.6349        5.5858   434412   35.31%
   8251   692        7.1137    29        8.6349        6.0000   542804   30.51%
Elapsed time = 18.63 sec. (6205.94 ticks, tree = 0.14 MB, solutions = 56)
   9467   324        6.7639    28        8.6349        6.5858   654172   23.73%

Cover cuts applied:  4
Implied bound cuts applied:  151
Flow cuts applied:  69
Mixed integer rounding cuts applied:  127
Lift and project cuts applied:  15
Gomory fractional cuts applied:  75

Root node processing (before b&c):
  Real time             =    0.50 sec. (153.49 ticks)
Parallel b&c, 4 threads:
  Real time             =   21.83 sec. (7150.50 ticks)
  Sync time (average)   =    0.00 sec.
  Wait time (average)   =    0.00 sec.
                          ------------
Total (root+branch&cut) =   22.33 sec. (7303.99 ticks)
STATUS : Optimal
Solution status = Optimal
 Number of constraints = 658
Solution value  = 8.63494
c(0)=7.04916 c(1)=1.52786 c(2)=5.46337 c(3)=0 c(4)=3.9355 c(5)=4.69944 c(6)=8.63494 c(7)=3.11365 c(8)=7.04916 c(9)=1.58579 c(10)=2.34972 c(11)=6.28522 c(12)=0.763932 c(13)=4.69944 c(14)=8.63494 c(15)=0 c(16)=3.9355 c(17)=7.87101 c(18)=2.34972 c(19)=6.28522 c(20)=7.04916 c(21)=1.58579 c(22)=5.52129 c(23)=0 c(24)=3.9355 