 numAddVar 300

Graph (V,E) with |V|= 25 and diameter = 8

Coordinates: 
vertex 1 : 0 0
vertex 2 : 1 0
vertex 3 : 2 0
vertex 4 : 3 0
vertex 5 : 4 0
vertex 6 : 0 1
vertex 7 : 1 1
vertex 8 : 2 1
vertex 9 : 3 1
vertex 10 : 4 1
vertex 11 : 0 2
vertex 12 : 1 2
vertex 13 : 2 2
vertex 14 : 3 2
vertex 15 : 4 2
vertex 16 : 0 3
vertex 17 : 1 3
vertex 18 : 2 3
vertex 19 : 3 3
vertex 20 : 4 3
vertex 21 : 0 4
vertex 22 : 1 4
vertex 23 : 2 4
vertex 24 : 3 4
vertex 25 : 4 4

Distances: 
  0   1   2   3   4   1 1.41421 2.23607 3.16228 4.12311   2 2.23607 2.82843 3.60555 4.47214   3 3.16228 3.60555 4.24264   5   4 4.12311 4.47214   5 5.65685 
  1   0   1   2   3 1.41421   1 1.41421 2.23607 3.16228 2.23607   2 2.23607 2.82843 3.60555 3.16228   3 3.16228 3.60555 4.24264 4.12311   4 4.12311 4.47214   5 
  2   1   0   1   2 2.23607 1.41421   1 1.41421 2.23607 2.82843 2.23607   2 2.23607 2.82843 3.60555 3.16228   3 3.16228 3.60555 4.47214 4.12311   4 4.12311 4.47214 
  3   2   1   0   1 3.16228 2.23607 1.41421   1 1.41421 3.60555 2.82843 2.23607   2 2.23607 4.24264 3.60555 3.16228   3 3.16228   5 4.47214 4.12311   4 4.12311 
  4   3   2   1   0 4.12311 3.16228 2.23607 1.41421   1 4.47214 3.60555 2.82843 2.23607   2   5 4.24264 3.60555 3.16228   3 5.65685   5 4.47214 4.12311   4 
  1 1.41421 2.23607 3.16228 4.12311   0   1   2   3   4   1 1.41421 2.23607 3.16228 4.12311   2 2.23607 2.82843 3.60555 4.47214   3 3.16228 3.60555 4.24264   5 
1.41421   1 1.41421 2.23607 3.16228   1   0   1   2   3 1.41421   1 1.41421 2.23607 3.16228 2.23607   2 2.23607 2.82843 3.60555 3.16228   3 3.16228 3.60555 4.24264 
2.23607 1.41421   1 1.41421 2.23607   2   1   0   1   2 2.23607 1.41421   1 1.41421 2.23607 2.82843 2.23607   2 2.23607 2.82843 3.60555 3.16228   3 3.16228 3.60555 
3.16228 2.23607 1.41421   1 1.41421   3   2   1   0   1 3.16228 2.23607 1.41421   1 1.41421 3.60555 2.82843 2.23607   2 2.23607 4.24264 3.60555 3.16228   3 3.16228 
4.12311 3.16228 2.23607 1.41421   1   4   3   2   1   0 4.12311 3.16228 2.23607 1.41421   1 4.47214 3.60555 2.82843 2.23607   2   5 4.24264 3.60555 3.16228   3 
  2 2.23607 2.82843 3.60555 4.47214   1 1.41421 2.23607 3.16228 4.12311   0   1   2   3   4   1 1.41421 2.23607 3.16228 4.12311   2 2.23607 2.82843 3.60555 4.47214 
2.23607   2 2.23607 2.82843 3.60555 1.41421   1 1.41421 2.23607 3.16228   1   0   1   2   3 1.41421   1 1.41421 2.23607 3.16228 2.23607   2 2.23607 2.82843 3.60555 
2.82843 2.23607   2 2.23607 2.82843 2.23607 1.41421   1 1.41421 2.23607   2   1   0   1   2 2.23607 1.41421   1 1.41421 2.23607 2.82843 2.23607   2 2.23607 2.82843 
3.60555 2.82843 2.23607   2 2.23607 3.16228 2.23607 1.41421   1 1.41421   3   2   1   0   1 3.16228 2.23607 1.41421   1 1.41421 3.60555 2.82843 2.23607   2 2.23607 
4.47214 3.60555 2.82843 2.23607   2 4.12311 3.16228 2.23607 1.41421   1   4   3   2   1   0 4.12311 3.16228 2.23607 1.41421   1 4.47214 3.60555 2.82843 2.23607   2 
  3 3.16228 3.60555 4.24264   5   2 2.23607 2.82843 3.60555 4.47214   1 1.41421 2.23607 3.16228 4.12311   0   1   2   3   4   1 1.41421 2.23607 3.16228 4.12311 
3.16228   3 3.16228 3.60555 4.24264 2.23607   2 2.23607 2.82843 3.60555 1.41421   1 1.41421 2.23607 3.16228   1   0   1   2   3 1.41421   1 1.41421 2.23607 3.16228 
3.60555 3.16228   3 3.16228 3.60555 2.82843 2.23607   2 2.23607 2.82843 2.23607 1.41421   1 1.41421 2.23607   2   1   0   1   2 2.23607 1.41421   1 1.41421 2.23607 
4.24264 3.60555 3.16228   3 3.16228 3.60555 2.82843 2.23607   2 2.23607 3.16228 2.23607 1.41421   1 1.41421   3   2   1   0   1 3.16228 2.23607 1.41421   1 1.41421 
  5 4.24264 3.60555 3.16228   3 4.47214 3.60555 2.82843 2.23607   2 4.12311 3.16228 2.23607 1.41421   1   4   3   2   1   0 4.12311 3.16228 2.23607 1.41421   1 
  4 4.12311 4.47214   5 5.65685   3 3.16228 3.60555 4.24264   5   2 2.23607 2.82843 3.60555 4.47214   1 1.41421 2.23607 3.16228 4.12311   0   1   2   3   4 
4.12311   4 4.12311 4.47214   5 3.16228   3 3.16228 3.60555 4.24264 2.23607   2 2.23607 2.82843 3.60555 1.41421   1 1.41421 2.23607 3.16228   1   0   1   2   3 
4.47214 4.12311   4 4.12311 4.47214 3.60555 3.16228   3 3.16228 3.60555 2.82843 2.23607   2 2.23607 2.82843 2.23607 1.41421   1 1.41421 2.23607   2   1   0   1   2 
  5 4.47214 4.12311   4 4.12311 4.24264 3.60555 3.16228   3 3.16228 3.60555 2.82843 2.23607   2 2.23607 3.16228 2.23607 1.41421   1 1.41421   3   2   1   0   1 
5.65685   5 4.47214 4.12311   4   5 4.24264 3.60555 3.16228   3 4.47214 3.60555 2.82843 2.23607   2 4.12311 3.16228 2.23607 1.41421   1   4   3   2   1   0 
d: 
  0   3   2   1   0   3 2.58579 1.76393 0.837722   0   2 1.76393 1.17157 0.394449   0   1 0.837722 0.394449   0   0   0   0   0   0   0 
  3   0   3   2   1 2.58579   3 2.58579 1.76393 0.837722 1.76393   2 1.76393 1.17157 0.394449 0.837722   1 0.837722 0.394449   0   0   0   0   0   0 
  2   3   0   3   2 1.76393 2.58579   3 2.58579 1.76393 1.17157 1.76393   2 1.76393 1.17157 0.394449 0.837722   1 0.837722 0.394449   0   0   0   0   0 
  1   2   3   0   3 0.837722 1.76393 2.58579   3 2.58579 0.394449 1.17157 1.76393   2 1.76393   0 0.394449 0.837722   1 0.837722   0   0   0   0   0 
  0   1   2   3   0   0 0.837722 1.76393 2.58579   3   0 0.394449 1.17157 1.76393   2   0   0 0.394449 0.837722   1   0   0   0   0   0 
  3 2.58579 1.76393 0.837722   0   0   3   2   1   0   3 2.58579 1.76393 0.837722   0   2 1.76393 1.17157 0.394449   0   1 0.837722 0.394449   0   0 
2.58579   3 2.58579 1.76393 0.837722   3   0   3   2   1 2.58579   3 2.58579 1.76393 0.837722 1.76393   2 1.76393 1.17157 0.394449 0.837722   1 0.837722 0.394449   0 
1.76393 2.58579   3 2.58579 1.76393   2   3   0   3   2 1.76393 2.58579   3 2.58579 1.76393 1.17157 1.76393   2 1.76393 1.17157 0.394449 0.837722   1 0.837722 0.394449 
0.837722 1.76393 2.58579   3 2.58579   1   2   3   0   3 0.837722 1.76393 2.58579   3 2.58579 0.394449 1.17157 1.76393   2 1.76393   0 0.394449 0.837722   1 0.837722 
  0 0.837722 1.76393 2.58579   3   0   1   2   3   0   0 0.837722 1.76393 2.58579   3   0 0.394449 1.17157 1.76393   2   0   0 0.394449 0.837722   1 
  2 1.76393 1.17157 0.394449   0   3 2.58579 1.76393 0.837722   0   0   3   2   1   0   3 2.58579 1.76393 0.837722   0   2 1.76393 1.17157 0.394449   0 
1.76393   2 1.76393 1.17157 0.394449 2.58579   3 2.58579 1.76393 0.837722   3   0   3   2   1 2.58579   3 2.58579 1.76393 0.837722 1.76393   2 1.76393 1.17157 0.394449 
1.17157 1.76393   2 1.76393 1.17157 1.76393 2.58579   3 2.58579 1.76393   2   3   0   3   2 1.76393 2.58579   3 2.58579 1.76393 1.17157 1.76393   2 1.76393 1.17157 
0.394449 1.17157 1.76393   2 1.76393 0.837722 1.76393 2.58579   3 2.58579   1   2   3   0   3 0.837722 1.76393 2.58579   3 2.58579 0.394449 1.17157 1.76393   2 1.76393 
  0 0.394449 1.17157 1.76393   2   0 0.837722 1.76393 2.58579   3   0   1   2   3   0   0 0.837722 1.76393 2.58579   3   0 0.394449 1.17157 1.76393   2 
  1 0.837722 0.394449   0   0   2 1.76393 1.17157 0.394449   0   3 2.58579 1.76393 0.837722   0   0   3   2   1   0   3 2.58579 1.76393 0.837722   0 
0.837722   1 0.837722 0.394449   0 1.76393   2 1.76393 1.17157 0.394449 2.58579   3 2.58579 1.76393 0.837722   3   0   3   2   1 2.58579   3 2.58579 1.76393 0.837722 
0.394449 0.837722   1 0.837722 0.394449 1.17157 1.76393   2 1.76393 1.17157 1.76393 2.58579   3 2.58579 1.76393   2   3   0   3   2 1.76393 2.58579   3 2.58579 1.76393 
  0 0.394449 0.837722   1 0.837722 0.394449 1.17157 1.76393   2 1.76393 0.837722 1.76393 2.58579   3 2.58579   1   2   3   0   3 0.837722 1.76393 2.58579   3 2.58579 
  0   0 0.394449 0.837722   1   0 0.394449 1.17157 1.76393   2   0 0.837722 1.76393 2.58579   3   0   1   2   3   0   0 0.837722 1.76393 2.58579   3 
  0   0   0   0   0   1 0.837722 0.394449   0   0   2 1.76393 1.17157 0.394449   0   3 2.58579 1.76393 0.837722   0   0   3   2   1   0 
  0   0   0   0   0 0.837722   1 0.837722 0.394449   0 1.76393   2 1.76393 1.17157 0.394449 2.58579   3 2.58579 1.76393 0.837722   3   0   3   2   1 
  0   0   0   0   0 0.394449 0.837722   1 0.837722 0.394449 1.17157 1.76393   2 1.76393 1.17157 1.76393 2.58579   3 2.58579 1.76393   2   3   0   3   2 
  0   0   0   0   0   0 0.394449 0.837722   1 0.837722 0.394449 1.17157 1.76393   2 1.76393 0.837722 1.76393 2.58579   3 2.58579   1   2   3   0   3 
  0   0   0   0   0   0   0 0.394449 0.837722   1   0 0.394449 1.17157 1.76393   2   0 0.837722 1.76393 2.58579   3   0   1   2   3   0 

max distance : 3
Number of variables 326
Default row names c1, c2 ... being created.
Tried aggregator 1 time.
MIP Presolve eliminated 25 rows and 1 columns.
Reduced MIP has 633 rows, 326 columns, and 1898 nonzeros.
Reduced MIP has 300 binaries, 0 generals, 0 SOSs, and 0 indicators.
Presolve time = 0.00 sec. (0.67 ticks)
Found incumbent of value 60.000000 after 0.01 sec. (2.30 ticks)
Probing time = 0.00 sec. (0.61 ticks)
Tried aggregator 1 time.
Reduced MIP has 633 rows, 326 columns, and 1898 nonzeros.
Reduced MIP has 300 binaries, 0 generals, 0 SOSs, and 0 indicators.
Presolve time = 0.00 sec. (0.62 ticks)
Probing time = 0.00 sec. (0.61 ticks)
MIP emphasis: balance optimality and feasibility.
MIP search method: dynamic search.
Parallel mode: deterministic, using up to 4 threads.
Root relaxation solution time = 0.01 sec. (3.38 ticks)

        Nodes                                         Cuts/
   Node  Left     Objective  IInf  Best Integer    Best Bound    ItCnt     Gap

*     0+    0                           60.0000        0.0000      272  100.00%
      0     0        5.0472   244       60.0000        5.0472      272   91.59%
      0     0        5.1370   244       60.0000     Cuts: 258      543   91.44%
      0     0        6.2626   169       60.0000     Cuts: 223      789   89.56%
      0     0        6.3460   182       60.0000      Cuts: 38      889   89.42%
      0     0        6.5472   201       60.0000      Cuts: 35      974   89.09%
      0     0        6.5472   214       60.0000      Cuts: 38     1018   89.09%
*     0+    0                           36.7033        6.5472     1080   82.16%
      0     0        6.5472   178       36.7033      Cuts: 15     1080   82.16%
      0     0        6.5472   204       36.7033      Cuts: 39     1190   82.16%
*     0+    0                           33.5890        6.5472     1190   80.51%
*     0+    0                           27.9027        6.5472     1190   76.54%
*     0+    0                           27.8830        6.5472     1190   76.52%
      0     2        6.5472   136       27.8830        6.5472     1190   76.52%
Elapsed time = 0.17 sec. (163.37 ticks, tree = 0.01 MB, solutions = 5)
*     4+    4                           26.5333        6.5472     1576   75.32%
*   522   507      integral     0       26.4147        6.5532    14585   75.19%
*   835+  809                           26.3263        6.7208    24812   74.47%
*   835+  809                           26.1835        6.7208    24812   74.33%
*   835+  809                           25.3551        6.7208    24812   73.49%
*   835+  809                           25.3410        6.7208    24812   73.48%
    835   811       20.1164    14       25.3410        6.7208    24812   73.48%
*  1165  1086      integral     0       25.2698        6.8908    31466   72.73%
*  1287  1201      integral     0       25.1137        6.9781    34950   72.21%
*  1348  1245      integral     0       24.9250        6.9781    35694   72.00%
*  1369  1261      integral     0       24.3725        6.9781    36430   71.37%
*  2256+ 2036                           24.3488        7.1678    59496   70.56%
*  2274  2048      integral     0       23.8249        7.1678    59769   69.91%
*  2479+ 1473                           23.8092        7.2138    67768   69.70%
   2479  1474        7.0671   184       23.8092        7.2138    67768   69.70%
*  2494+  992                           23.8092        7.2138    69408   69.70%
   2826  1161       21.2075    11       23.8092        7.3090    77358   69.30%
*  2905+  925                           23.5507        7.3090    78834   68.96%
*  2907   749      integral     0       23.4862        7.3090    78840   68.88%
Elapsed time = 1.63 sec. (1747.34 ticks, tree = 0.28 MB, solutions = 18)
*  3026+  706                           23.4727        7.4091    82123   68.44%
*  3030   637      integral     0       23.4634        7.4091    82173   68.42%
*  3160   660      integral     0       23.4370        7.4091    83561   68.39%
*  3162   642      integral     0       23.3791        7.4091    83573   68.31%
*  3164+  630                           23.0518        7.4091    83729   67.86%
*  3533+  910                           22.8737        7.5758    94644   66.88%
   3533   912       19.1137    26       22.8737        7.5758    94644   66.88%
*  3634   985      integral     0       22.8698        7.5758    96689   66.87%
*  3738  1069      integral     0       22.7984        7.5758    99508   66.77%
*  3875  1178      integral     0       22.7076        7.5758   102989   66.64%
*  3879  1180      integral     0       22.6338        7.5758   103094   66.53%
*  3978  1250      integral     0       22.5770        7.6734   106149   66.01%
*  4556+ 1695                           22.4951        7.7819   120991   65.41%
*  4564  1699      integral     0       22.4463        7.7819   121197   65.33%
Elapsed time = 2.85 sec. (3080.11 ticks, tree = 0.70 MB, solutions = 35)
*  4568  1699      integral     0       22.2879        7.7819   121283   65.08%
*  6134  2870      integral     0       22.2366        7.9525   161049   64.24%
*  7089  3583      integral     0       22.2102        8.0580   185969   63.72%
*  7257  3685      integral     0       22.1928        8.0650   189683   63.66%
*  7280  3700      integral     0       21.9267        8.0650   190599   63.22%
*  7669  3958      integral     0       21.8644        8.0758   200919   63.06%
*  7725  3983      integral     0       21.6310        8.1055   202898   62.53%
* 10164  5626      integral     0       21.5399        8.2949   268950   61.49%
* 11004  6227      integral     0       21.5309        8.3115   293295   61.40%
* 11670  6696      integral     0       21.3950        8.3700   309826   60.88%
Elapsed time = 4.38 sec. (4955.79 ticks, tree = 2.47 MB, solutions = 46)
* 13645  7985      integral     0       21.2126        8.5364   369591   59.76%
* 16328  9706      integral     0       21.0123        8.6340   446056   58.91%
* 17868+10642                           21.0123        8.7020   493749   58.59%
  19463 11704       16.4634    44       21.0123        8.7395   536844   58.41%
  22752 13832       17.9355    43       21.0123        8.8790   627508   57.74%
* 22785 13854      integral     0       20.8965        8.8790   628901   57.51%
  25435 15525       12.1716    58       20.8965        8.9714   712635   57.07%
  26463 16194       16.3497    39       20.8965        8.9971   739930   56.94%
  29928 18403       18.4634    25       20.8965        9.0650   833100   56.62%
  33857 20936       18.8776    31       20.8965        9.1519   930829   56.20%
* 34553 21412      integral     0       20.7615        9.1541   953839   55.91%
Elapsed time = 10.83 sec. (12708.53 ticks, tree = 8.38 MB, solutions = 50)
