
Graph (V,E) with |V|= 25 and diameter = 8

Coordinates: 
vertex 1 : 0 0
vertex 2 : 1 0
vertex 3 : 2 0
vertex 4 : 3 0
vertex 5 : 4 0
vertex 6 : 0 1
vertex 7 : 1 1
vertex 8 : 2 1
vertex 9 : 3 1
vertex 10 : 4 1
vertex 11 : 0 2
vertex 12 : 1 2
vertex 13 : 2 2
vertex 14 : 3 2
vertex 15 : 4 2
vertex 16 : 0 3
vertex 17 : 1 3
vertex 18 : 2 3
vertex 19 : 3 3
vertex 20 : 4 3
vertex 21 : 0 4
vertex 22 : 1 4
vertex 23 : 2 4
vertex 24 : 3 4
vertex 25 : 4 4

Distances: 
  0   1   2   3   4   1 1.41421 2.23607 3.16228 4.12311   2 2.23607 2.82843 3.60555 4.47214   3 3.16228 3.60555 4.24264   5   4 4.12311 4.47214   5 5.65685 
  1   0   1   2   3 1.41421   1 1.41421 2.23607 3.16228 2.23607   2 2.23607 2.82843 3.60555 3.16228   3 3.16228 3.60555 4.24264 4.12311   4 4.12311 4.47214   5 
  2   1   0   1   2 2.23607 1.41421   1 1.41421 2.23607 2.82843 2.23607   2 2.23607 2.82843 3.60555 3.16228   3 3.16228 3.60555 4.47214 4.12311   4 4.12311 4.47214 
  3   2   1   0   1 3.16228 2.23607 1.41421   1 1.41421 3.60555 2.82843 2.23607   2 2.23607 4.24264 3.60555 3.16228   3 3.16228   5 4.47214 4.12311   4 4.12311 
  4   3   2   1   0 4.12311 3.16228 2.23607 1.41421   1 4.47214 3.60555 2.82843 2.23607   2   5 4.24264 3.60555 3.16228   3 5.65685   5 4.47214 4.12311   4 
  1 1.41421 2.23607 3.16228 4.12311   0   1   2   3   4   1 1.41421 2.23607 3.16228 4.12311   2 2.23607 2.82843 3.60555 4.47214   3 3.16228 3.60555 4.24264   5 
1.41421   1 1.41421 2.23607 3.16228   1   0   1   2   3 1.41421   1 1.41421 2.23607 3.16228 2.23607   2 2.23607 2.82843 3.60555 3.16228   3 3.16228 3.60555 4.24264 
2.23607 1.41421   1 1.41421 2.23607   2   1   0   1   2 2.23607 1.41421   1 1.41421 2.23607 2.82843 2.23607   2 2.23607 2.82843 3.60555 3.16228   3 3.16228 3.60555 
3.16228 2.23607 1.41421   1 1.41421   3   2   1   0   1 3.16228 2.23607 1.41421   1 1.41421 3.60555 2.82843 2.23607   2 2.23607 4.24264 3.60555 3.16228   3 3.16228 
4.12311 3.16228 2.23607 1.41421   1   4   3   2   1   0 4.12311 3.16228 2.23607 1.41421   1 4.47214 3.60555 2.82843 2.23607   2   5 4.24264 3.60555 3.16228   3 
  2 2.23607 2.82843 3.60555 4.47214   1 1.41421 2.23607 3.16228 4.12311   0   1   2   3   4   1 1.41421 2.23607 3.16228 4.12311   2 2.23607 2.82843 3.60555 4.47214 
2.23607   2 2.23607 2.82843 3.60555 1.41421   1 1.41421 2.23607 3.16228   1   0   1   2   3 1.41421   1 1.41421 2.23607 3.16228 2.23607   2 2.23607 2.82843 3.60555 
2.82843 2.23607   2 2.23607 2.82843 2.23607 1.41421   1 1.41421 2.23607   2   1   0   1   2 2.23607 1.41421   1 1.41421 2.23607 2.82843 2.23607   2 2.23607 2.82843 
3.60555 2.82843 2.23607   2 2.23607 3.16228 2.23607 1.41421   1 1.41421   3   2   1   0   1 3.16228 2.23607 1.41421   1 1.41421 3.60555 2.82843 2.23607   2 2.23607 
4.47214 3.60555 2.82843 2.23607   2 4.12311 3.16228 2.23607 1.41421   1   4   3   2   1   0 4.12311 3.16228 2.23607 1.41421   1 4.47214 3.60555 2.82843 2.23607   2 
  3 3.16228 3.60555 4.24264   5   2 2.23607 2.82843 3.60555 4.47214   1 1.41421 2.23607 3.16228 4.12311   0   1   2   3   4   1 1.41421 2.23607 3.16228 4.12311 
3.16228   3 3.16228 3.60555 4.24264 2.23607   2 2.23607 2.82843 3.60555 1.41421   1 1.41421 2.23607 3.16228   1   0   1   2   3 1.41421   1 1.41421 2.23607 3.16228 
3.60555 3.16228   3 3.16228 3.60555 2.82843 2.23607   2 2.23607 2.82843 2.23607 1.41421   1 1.41421 2.23607   2   1   0   1   2 2.23607 1.41421   1 1.41421 2.23607 
4.24264 3.60555 3.16228   3 3.16228 3.60555 2.82843 2.23607   2 2.23607 3.16228 2.23607 1.41421   1 1.41421   3   2   1   0   1 3.16228 2.23607 1.41421   1 1.41421 
  5 4.24264 3.60555 3.16228   3 4.47214 3.60555 2.82843 2.23607   2 4.12311 3.16228 2.23607 1.41421   1   4   3   2   1   0 4.12311 3.16228 2.23607 1.41421   1 
  4 4.12311 4.47214   5 5.65685   3 3.16228 3.60555 4.24264   5   2 2.23607 2.82843 3.60555 4.47214   1 1.41421 2.23607 3.16228 4.12311   0   1   2   3   4 
4.12311   4 4.12311 4.47214   5 3.16228   3 3.16228 3.60555 4.24264 2.23607   2 2.23607 2.82843 3.60555 1.41421   1 1.41421 2.23607 3.16228   1   0   1   2   3 
4.47214 4.12311   4 4.12311 4.47214 3.60555 3.16228   3 3.16228 3.60555 2.82843 2.23607   2 2.23607 2.82843 2.23607 1.41421   1 1.41421 2.23607   2   1   0   1   2 
  5 4.47214 4.12311   4 4.12311 4.24264 3.60555 3.16228   3 3.16228 3.60555 2.82843 2.23607   2 2.23607 3.16228 2.23607 1.41421   1 1.41421   3   2   1   0   1 
5.65685   5 4.47214 4.12311   4   5 4.24264 3.60555 3.16228   3 4.47214 3.60555 2.82843 2.23607   2 4.12311 3.16228 2.23607 1.41421   1   4   3   2   1   0 
d: 
  3   2   1   0   0   2 1.58579 0.763932   0   0   1 0.763932 0.171573   0   0   0   0   0   0   0   0   0   0   0   0 
  2   3   2   1   0 1.58579   2 1.58579 0.763932   0 0.763932   1 0.763932 0.171573   0   0   0   0   0   0   0   0   0   0   0 
  1   2   3   2   1 0.763932 1.58579   2 1.58579 0.763932 0.171573 0.763932   1 0.763932 0.171573   0   0   0   0   0   0   0   0   0   0 
  0   1   2   3   2   0 0.763932 1.58579   2 1.58579   0 0.171573 0.763932   1 0.763932   0   0   0   0   0   0   0   0   0   0 
  0   0   1   2   3   0   0 0.763932 1.58579   2   0   0 0.171573 0.763932   1   0   0   0   0   0   0   0   0   0   0 
  2 1.58579 0.763932   0   0   3   2   1   0   0   2 1.58579 0.763932   0   0   1 0.763932 0.171573   0   0   0   0   0   0   0 
1.58579   2 1.58579 0.763932   0   2   3   2   1   0 1.58579   2 1.58579 0.763932   0 0.763932   1 0.763932 0.171573   0   0   0   0   0   0 
0.763932 1.58579   2 1.58579 0.763932   1   2   3   2   1 0.763932 1.58579   2 1.58579 0.763932 0.171573 0.763932   1 0.763932 0.171573   0   0   0   0   0 
  0 0.763932 1.58579   2 1.58579   0   1   2   3   2   0 0.763932 1.58579   2 1.58579   0 0.171573 0.763932   1 0.763932   0   0   0   0   0 
  0   0 0.763932 1.58579   2   0   0   1   2   3   0   0 0.763932 1.58579   2   0   0 0.171573 0.763932   1   0   0   0   0   0 
  1 0.763932 0.171573   0   0   2 1.58579 0.763932   0   0   3   2   1   0   0   2 1.58579 0.763932   0   0   1 0.763932 0.171573   0   0 
0.763932   1 0.763932 0.171573   0 1.58579   2 1.58579 0.763932   0   2   3   2   1   0 1.58579   2 1.58579 0.763932   0 0.763932   1 0.763932 0.171573   0 
0.171573 0.763932   1 0.763932 0.171573 0.763932 1.58579   2 1.58579 0.763932   1   2   3   2   1 0.763932 1.58579   2 1.58579 0.763932 0.171573 0.763932   1 0.763932 0.171573 
  0 0.171573 0.763932   1 0.763932   0 0.763932 1.58579   2 1.58579   0   1   2   3   2   0 0.763932 1.58579   2 1.58579   0 0.171573 0.763932   1 0.763932 
  0   0 0.171573 0.763932   1   0   0 0.763932 1.58579   2   0   0   1   2   3   0   0 0.763932 1.58579   2   0   0 0.171573 0.763932   1 
  0   0   0   0   0   1 0.763932 0.171573   0   0   2 1.58579 0.763932   0   0   3   2   1   0   0   2 1.58579 0.763932   0   0 
  0   0   0   0   0 0.763932   1 0.763932 0.171573   0 1.58579   2 1.58579 0.763932   0   2   3   2   1   0 1.58579   2 1.58579 0.763932   0 
  0   0   0   0   0 0.171573 0.763932   1 0.763932 0.171573 0.763932 1.58579   2 1.58579 0.763932   1   2   3   2   1 0.763932 1.58579   2 1.58579 0.763932 
  0   0   0   0   0   0 0.171573 0.763932   1 0.763932   0 0.763932 1.58579   2 1.58579   0   1   2   3   2   0 0.763932 1.58579   2 1.58579 
  0   0   0   0   0   0   0 0.171573 0.763932   1   0   0 0.763932 1.58579   2   0   0   1   2   3   0   0 0.763932 1.58579   2 
  0   0   0   0   0   0   0   0   0   0   1 0.763932 0.171573   0   0   2 1.58579 0.763932   0   0   3   2   1   0   0 
  0   0   0   0   0   0   0   0   0   0 0.763932   1 0.763932 0.171573   0 1.58579   2 1.58579 0.763932   0   2   3   2   1   0 
  0   0   0   0   0   0   0   0   0   0 0.171573 0.763932   1 0.763932 0.171573 0.763932 1.58579   2 1.58579 0.763932   1   2   3   2   1 
  0   0   0   0   0   0   0   0   0   0   0 0.171573 0.763932   1 0.763932   0 0.763932 1.58579   2 1.58579   0   1   2   3   2 
  0   0   0   0   0   0   0   0   0   0   0   0 0.171573 0.763932   1   0   0 0.763932 1.58579   2   0   0   1   2   3 

max distance : 2
Lattice 3
UB for lambda 12
Number of variables 326
Tried aggregator 1 time.
MIP Presolve eliminated 26 rows and 1 columns.
Reduced MIP has 625 rows, 326 columns, and 1850 nonzeros.
Reduced MIP has 300 binaries, 0 generals, 0 SOSs, and 0 indicators.
Probing fixed 0 vars, tightened 1 bounds.
Probing time =    0.01 sec.
Tried aggregator 1 time.
Presolve time =    0.01 sec.
Probing time =    0.01 sec.
MIP emphasis: balance optimality and feasibility.
MIP search method: dynamic search.
Parallel mode: deterministic, using up to 4 threads.
Root relaxation solution time =    0.00 sec.

        Nodes                                         Cuts/
   Node  Left     Objective  IInf  Best Integer    Best Bound    ItCnt     Gap

      0     0        2.0000   152                      2.0000      164         
      0     0        2.0000   130                    Cuts: 90      255         
      0     0        2.0000   122                   Cuts: 256      504         
      0     0        2.0000   145                   Cuts: 256      654         
      0     0        2.0000   153                   Cuts: 256      856         
      0     2        2.0000   153                      2.0000      856         
Elapsed time =   0.45 sec. (tree size =  0.01 MB, solutions = 0)
   1104   955        5.1716    47                      2.2096    18000         
   1237  1077        2.4690   160                      2.4690    22269         
*  1537   797      integral     0       11.1071        2.9679    27466   73.28%
*  1708   638      integral     0       11.0492        2.9679    29267   73.14%
*  2427   856      integral     0       10.9781        4.0000    39065   63.56%
*  2490   895      integral     0       10.9355        4.0000    39830   63.42%
*  2613+  969                           10.8710        4.0000    41346   63.20%
*  2700+ 1028                           10.8131        4.0000    42688   63.01%
*  2717  1036      integral     0       10.6994        4.0000    43089   62.61%
*  2806  1045      integral     0       10.6929        4.0000    44487   62.59%
*  2920+ 1098                           10.2852        4.3497    46153   57.71%
*  3054  1137      integral     0       10.2787        4.3497    48257   57.68%
*  3062  1143      integral     0       10.2207        4.3497    48406   57.44%
Elapsed time =   3.26 sec. (tree size =  0.37 MB, solutions = 9)
*  3066  1139      integral     0       10.1071        4.3497    48432   56.96%
*  3545  1421      integral     0       10.0426        4.5858    55525   54.34%
*  3713  1517      integral     0        9.8710        4.5858    58282   53.54%
*  3838+ 1445                            9.8579        4.5858    60238   53.48%
*  3842  1444      integral     0        9.7574        4.5858    60279   53.00%
*  4008  1482      integral     0        9.6349        4.5858    63187   52.40%
*  4334  1618      integral     0        9.5147        4.5858    68975   51.80%
*  4575  1675      integral     0        9.3497        4.7574    73944   49.12%
*  5766  2199      integral     0        9.2852        4.7639    92512   48.69%
*  6602  2531      integral     0        9.2787        5.1716   105919   44.26%
*  9149  3575      integral     0        9.1071        5.5858   147031   38.67%
Elapsed time =   7.10 sec. (tree size =  1.45 MB, solutions = 26)
* 10137  3746      integral     0        9.0492        5.5858   164873   38.27%
* 11736  4305      integral     0        9.0426        5.5858   194472   38.23%
* 14014  4996      integral     0        8.6349        5.9355   231392   31.26%
  20402  5813        8.0213    21        8.6349        6.2852   343075   27.21%
  24840  6094        7.6716    27        8.6349        6.5858   416304   23.73%
  32741  5915        7.0000    27        8.6349        6.9678   529642   19.31%
  41281  4597        7.3497    26        8.6349        7.3464   636447   14.92%

Cover cuts applied:  9
Implied bound cuts applied:  77
Flow cuts applied:  139
Mixed integer rounding cuts applied:  341
Gomory fractional cuts applied:  15

Root node processing (before b&c):
  Real time             =    0.44
Parallel b&c, 4 threads:
  Real time             =   23.27
  Sync time (average)   =    0.01
  Wait time (average)   =    0.00
                          -------
Total (root+branch&cut) =   23.71 sec.
STATUS : Optimal
Solution status = Optimal
Time with cplex.getTime: 23.72
  Number of constraints = 651
Solution value  = 8.63494
c(0)=0.763932 c(1)=4.69944 c(2)=8.63494 c(3)=3.17157 c(4)=7.10708 c(5)=3.11365 c(6)=7.04916 c(7)=1.58579 c(8)=5.52129 c(9)=0 c(10)=5.46337 c(11)=0 c(12)=3.9355 c(13)=7.87101 c(14)=2.34972 c(15)=7.87101 c(16)=2.34972 c(17)=6.28522 c(18)=0.763932 c(19)=4.69944 c(20)=0.763932 c(21)=4.69944 c(22)=8.63494 c(23)=3.11365 c(24)=7.10708 
