 numAddVar 300

Graph (V,E) with |V|= 25 and diameter = 8

Coordinates: 
vertex 1 : 0 0
vertex 2 : 1 0
vertex 3 : 2 0
vertex 4 : 3 0
vertex 5 : 4 0
vertex 6 : 0 1
vertex 7 : 1 1
vertex 8 : 2 1
vertex 9 : 3 1
vertex 10 : 4 1
vertex 11 : 0 2
vertex 12 : 1 2
vertex 13 : 2 2
vertex 14 : 3 2
vertex 15 : 4 2
vertex 16 : 0 3
vertex 17 : 1 3
vertex 18 : 2 3
vertex 19 : 3 3
vertex 20 : 4 3
vertex 21 : 0 4
vertex 22 : 1 4
vertex 23 : 2 4
vertex 24 : 3 4
vertex 25 : 4 4

Distances: 
  0   1   2   3   4   1 1.41421 2.23607 3.16228 4.12311   2 2.23607 2.82843 3.60555 4.47214   3 3.16228 3.60555 4.24264   5   4 4.12311 4.47214   5 5.65685 
  1   0   1   2   3 1.41421   1 1.41421 2.23607 3.16228 2.23607   2 2.23607 2.82843 3.60555 3.16228   3 3.16228 3.60555 4.24264 4.12311   4 4.12311 4.47214   5 
  2   1   0   1   2 2.23607 1.41421   1 1.41421 2.23607 2.82843 2.23607   2 2.23607 2.82843 3.60555 3.16228   3 3.16228 3.60555 4.47214 4.12311   4 4.12311 4.47214 
  3   2   1   0   1 3.16228 2.23607 1.41421   1 1.41421 3.60555 2.82843 2.23607   2 2.23607 4.24264 3.60555 3.16228   3 3.16228   5 4.47214 4.12311   4 4.12311 
  4   3   2   1   0 4.12311 3.16228 2.23607 1.41421   1 4.47214 3.60555 2.82843 2.23607   2   5 4.24264 3.60555 3.16228   3 5.65685   5 4.47214 4.12311   4 
  1 1.41421 2.23607 3.16228 4.12311   0   1   2   3   4   1 1.41421 2.23607 3.16228 4.12311   2 2.23607 2.82843 3.60555 4.47214   3 3.16228 3.60555 4.24264   5 
1.41421   1 1.41421 2.23607 3.16228   1   0   1   2   3 1.41421   1 1.41421 2.23607 3.16228 2.23607   2 2.23607 2.82843 3.60555 3.16228   3 3.16228 3.60555 4.24264 
2.23607 1.41421   1 1.41421 2.23607   2   1   0   1   2 2.23607 1.41421   1 1.41421 2.23607 2.82843 2.23607   2 2.23607 2.82843 3.60555 3.16228   3 3.16228 3.60555 
3.16228 2.23607 1.41421   1 1.41421   3   2   1   0   1 3.16228 2.23607 1.41421   1 1.41421 3.60555 2.82843 2.23607   2 2.23607 4.24264 3.60555 3.16228   3 3.16228 
4.12311 3.16228 2.23607 1.41421   1   4   3   2   1   0 4.12311 3.16228 2.23607 1.41421   1 4.47214 3.60555 2.82843 2.23607   2   5 4.24264 3.60555 3.16228   3 
  2 2.23607 2.82843 3.60555 4.47214   1 1.41421 2.23607 3.16228 4.12311   0   1   2   3   4   1 1.41421 2.23607 3.16228 4.12311   2 2.23607 2.82843 3.60555 4.47214 
2.23607   2 2.23607 2.82843 3.60555 1.41421   1 1.41421 2.23607 3.16228   1   0   1   2   3 1.41421   1 1.41421 2.23607 3.16228 2.23607   2 2.23607 2.82843 3.60555 
2.82843 2.23607   2 2.23607 2.82843 2.23607 1.41421   1 1.41421 2.23607   2   1   0   1   2 2.23607 1.41421   1 1.41421 2.23607 2.82843 2.23607   2 2.23607 2.82843 
3.60555 2.82843 2.23607   2 2.23607 3.16228 2.23607 1.41421   1 1.41421   3   2   1   0   1 3.16228 2.23607 1.41421   1 1.41421 3.60555 2.82843 2.23607   2 2.23607 
4.47214 3.60555 2.82843 2.23607   2 4.12311 3.16228 2.23607 1.41421   1   4   3   2   1   0 4.12311 3.16228 2.23607 1.41421   1 4.47214 3.60555 2.82843 2.23607   2 
  3 3.16228 3.60555 4.24264   5   2 2.23607 2.82843 3.60555 4.47214   1 1.41421 2.23607 3.16228 4.12311   0   1   2   3   4   1 1.41421 2.23607 3.16228 4.12311 
3.16228   3 3.16228 3.60555 4.24264 2.23607   2 2.23607 2.82843 3.60555 1.41421   1 1.41421 2.23607 3.16228   1   0   1   2   3 1.41421   1 1.41421 2.23607 3.16228 
3.60555 3.16228   3 3.16228 3.60555 2.82843 2.23607   2 2.23607 2.82843 2.23607 1.41421   1 1.41421 2.23607   2   1   0   1   2 2.23607 1.41421   1 1.41421 2.23607 
4.24264 3.60555 3.16228   3 3.16228 3.60555 2.82843 2.23607   2 2.23607 3.16228 2.23607 1.41421   1 1.41421   3   2   1   0   1 3.16228 2.23607 1.41421   1 1.41421 
  5 4.24264 3.60555 3.16228   3 4.47214 3.60555 2.82843 2.23607   2 4.12311 3.16228 2.23607 1.41421   1   4   3   2   1   0 4.12311 3.16228 2.23607 1.41421   1 
  4 4.12311 4.47214   5 5.65685   3 3.16228 3.60555 4.24264   5   2 2.23607 2.82843 3.60555 4.47214   1 1.41421 2.23607 3.16228 4.12311   0   1   2   3   4 
4.12311   4 4.12311 4.47214   5 3.16228   3 3.16228 3.60555 4.24264 2.23607   2 2.23607 2.82843 3.60555 1.41421   1 1.41421 2.23607 3.16228   1   0   1   2   3 
4.47214 4.12311   4 4.12311 4.47214 3.60555 3.16228   3 3.16228 3.60555 2.82843 2.23607   2 2.23607 2.82843 2.23607 1.41421   1 1.41421 2.23607   2   1   0   1   2 
  5 4.47214 4.12311   4 4.12311 4.24264 3.60555 3.16228   3 3.16228 3.60555 2.82843 2.23607   2 2.23607 3.16228 2.23607 1.41421   1 1.41421   3   2   1   0   1 
5.65685   5 4.47214 4.12311   4   5 4.24264 3.60555 3.16228   3 4.47214 3.60555 2.82843 2.23607   2 4.12311 3.16228 2.23607 1.41421   1   4   3   2   1   0 
d: 
  0   2   1   0   0   2 1.58579 0.763932   0   0   1 0.763932 0.171573   0   0   0   0   0   0   0   0   0   0   0   0 
  2   0   2   1   0 1.58579   2 1.58579 0.763932   0 0.763932   1 0.763932 0.171573   0   0   0   0   0   0   0   0   0   0   0 
  1   2   0   2   1 0.763932 1.58579   2 1.58579 0.763932 0.171573 0.763932   1 0.763932 0.171573   0   0   0   0   0   0   0   0   0   0 
  0   1   2   0   2   0 0.763932 1.58579   2 1.58579   0 0.171573 0.763932   1 0.763932   0   0   0   0   0   0   0   0   0   0 
  0   0   1   2   0   0   0 0.763932 1.58579   2   0   0 0.171573 0.763932   1   0   0   0   0   0   0   0   0   0   0 
  2 1.58579 0.763932   0   0   0   2   1   0   0   2 1.58579 0.763932   0   0   1 0.763932 0.171573   0   0   0   0   0   0   0 
1.58579   2 1.58579 0.763932   0   2   0   2   1   0 1.58579   2 1.58579 0.763932   0 0.763932   1 0.763932 0.171573   0   0   0   0   0   0 
0.763932 1.58579   2 1.58579 0.763932   1   2   0   2   1 0.763932 1.58579   2 1.58579 0.763932 0.171573 0.763932   1 0.763932 0.171573   0   0   0   0   0 
  0 0.763932 1.58579   2 1.58579   0   1   2   0   2   0 0.763932 1.58579   2 1.58579   0 0.171573 0.763932   1 0.763932   0   0   0   0   0 
  0   0 0.763932 1.58579   2   0   0   1   2   0   0   0 0.763932 1.58579   2   0   0 0.171573 0.763932   1   0   0   0   0   0 
  1 0.763932 0.171573   0   0   2 1.58579 0.763932   0   0   0   2   1   0   0   2 1.58579 0.763932   0   0   1 0.763932 0.171573   0   0 
0.763932   1 0.763932 0.171573   0 1.58579   2 1.58579 0.763932   0   2   0   2   1   0 1.58579   2 1.58579 0.763932   0 0.763932   1 0.763932 0.171573   0 
0.171573 0.763932   1 0.763932 0.171573 0.763932 1.58579   2 1.58579 0.763932   1   2   0   2   1 0.763932 1.58579   2 1.58579 0.763932 0.171573 0.763932   1 0.763932 0.171573 
  0 0.171573 0.763932   1 0.763932   0 0.763932 1.58579   2 1.58579   0   1   2   0   2   0 0.763932 1.58579   2 1.58579   0 0.171573 0.763932   1 0.763932 
  0   0 0.171573 0.763932   1   0   0 0.763932 1.58579   2   0   0   1   2   0   0   0 0.763932 1.58579   2   0   0 0.171573 0.763932   1 
  0   0   0   0   0   1 0.763932 0.171573   0   0   2 1.58579 0.763932   0   0   0   2   1   0   0   2 1.58579 0.763932   0   0 
  0   0   0   0   0 0.763932   1 0.763932 0.171573   0 1.58579   2 1.58579 0.763932   0   2   0   2   1   0 1.58579   2 1.58579 0.763932   0 
  0   0   0   0   0 0.171573 0.763932   1 0.763932 0.171573 0.763932 1.58579   2 1.58579 0.763932   1   2   0   2   1 0.763932 1.58579   2 1.58579 0.763932 
  0   0   0   0   0   0 0.171573 0.763932   1 0.763932   0 0.763932 1.58579   2 1.58579   0   1   2   0   2   0 0.763932 1.58579   2 1.58579 
  0   0   0   0   0   0   0 0.171573 0.763932   1   0   0 0.763932 1.58579   2   0   0   1   2   0   0   0 0.763932 1.58579   2 
  0   0   0   0   0   0   0   0   0   0   1 0.763932 0.171573   0   0   2 1.58579 0.763932   0   0   0   2   1   0   0 
  0   0   0   0   0   0   0   0   0   0 0.763932   1 0.763932 0.171573   0 1.58579   2 1.58579 0.763932   0   2   0   2   1   0 
  0   0   0   0   0   0   0   0   0   0 0.171573 0.763932   1 0.763932 0.171573 0.763932 1.58579   2 1.58579 0.763932   1   2   0   2   1 
  0   0   0   0   0   0   0   0   0   0   0 0.171573 0.763932   1 0.763932   0 0.763932 1.58579   2 1.58579   0   1   2   0   2 
  0   0   0   0   0   0   0   0   0   0   0   0 0.171573 0.763932   1   0   0 0.763932 1.58579   2   0   0   1   2   0 

max distance : 2
Number of variables 326
Tried aggregator 1 time.
MIP Presolve eliminated 25 rows and 1 columns.
Reduced MIP has 645 rows, 326 columns, and 1930 nonzeros.
Reduced MIP has 300 binaries, 0 generals, 0 SOSs, and 0 indicators.
Probing time =    0.00 sec.
Tried aggregator 1 time.
Presolve time =    0.00 sec.
Probing time =    0.00 sec.
MIP emphasis: balance optimality and feasibility.
MIP search method: dynamic search.
Parallel mode: deterministic, using up to 4 threads.
Root relaxation solution time =    0.00 sec.

        Nodes                                         Cuts/
   Node  Left     Objective  IInf  Best Integer    Best Bound    ItCnt     Gap

*     0+    0                           40.0000                    196     --- 
      0     0        2.5858   168       40.0000        2.5858      196   93.54%
      0     0        2.6391   174       40.0000     Cuts: 261      489   93.40%
      0     0        3.1591   136       40.0000     Cuts: 150      780   92.10%
      0     0        3.5858   115       40.0000      Cuts: 60      899   91.04%
      0     0        3.5858   118       40.0000      Cuts: 60     1028   91.04%
      0     0        3.5858   132       40.0000      Cuts: 46     1174   91.04%
      0     2        3.5858   132       40.0000        3.5858     1174   91.04%
Elapsed real time =   0.11 sec. (tree size =  0.01 MB, solutions = 1)
*    29+   29                           18.0983        3.9822     3176   78.00%
*    67+   67                           17.6907        3.9822     4752   77.49%
*    67+   67                           15.2852        3.9822     4752   73.95%
*   101+  101                           15.2207        3.9822     6008   73.84%
*   142+  142                           15.2142        3.9822     7494   73.83%
*   145+  145                           14.1562        3.9822     7625   71.87%
*   199+  199                           13.8710        3.9822     8798   71.29%
*   226+  226                           13.6994        3.9822     9041   70.93%
*   301+  297                           13.2852        3.9822    10233   70.03%
*   318   312      integral     0       12.8065        3.9822    10425   68.90%
*   322   313      integral     0       12.6907        3.9822    10465   68.62%
*   741+  675                           12.4568        3.9822    21632   68.03%
*   759   688      integral     0       12.2787        3.9822    22102   67.57%
*   922+  825                           12.1628        3.9822    26365   67.26%
*   962+  855                           12.0492        3.9822    26858   66.95%
*   969   858      integral     0       11.9355        3.9822    27044   66.64%
*   977   861      integral     0       11.8710        3.9822    27180   66.45%
*   994+  857                           11.6994        3.9822    27791   65.96%
*  1006   866      integral     0       11.6994        3.9822    28095   65.96%
*  1053+  906                           11.4634        3.9822    28960   65.26%
*  1055   895      integral     0       11.3497        3.9822    29015   64.91%
*  1180   998      integral     0       11.3410        3.9822    32548   64.89%
*  1196  1009      integral     0       11.2852        3.9822    32912   64.71%
*  1467+ 1241                           11.2787        3.9822    40122   64.69%
*  1499  1259      integral     0       11.2207        3.9822    40538   64.51%
Elapsed real time =   0.50 sec. (tree size =  0.41 MB, solutions = 25)
*  1536+ 1285                           11.1628        3.9822    41303   64.33%
*  1565+ 1305                           11.0426        3.9822    41918   63.94%
*  1565+ 1305                           10.9781        3.9822    41918   63.73%
*  1573  1304      integral     0       10.5213        3.9822    42154   62.15%
*  1821  1409      integral     0       10.5147        4.0697    48045   61.30%
*  2093  1637      integral     0       10.4568        4.1822    55438   60.00%
*  2095  1634      integral     0       10.2852        4.1822    55440   59.34%
*  2660  1203      integral     0       10.2273        4.2768    72951   58.18%
*  2723+  846                           10.1005        4.3787    74598   56.65%
*  2815   623      integral     0        9.8710        4.3787    76715   55.64%
*  2830   491      integral     0        9.8131        4.3787    76999   55.38%
*  2981   462      integral     0        9.6994        4.5535    81352   53.05%
*  3199+  496                            9.6929        4.5858    87437   52.69%
*  3398+  618                            9.5213        4.6833    91768   50.81%
*  3458+  645                            9.3989        4.7751    93214   49.19%
*  3758+  794                            9.2852        4.7751    98968   48.57%
*  3772+  788                            9.2787        4.8787    99489   47.42%
*  3784   793      integral     0        9.2207        4.8787    99799   47.09%
*  4023+  918                            9.1071        4.9822   104950   45.29%
*  4358  1050      integral     0        9.0492        5.0552   112092   44.14%
Elapsed real time =   2.02 sec. (tree size =  0.33 MB, solutions = 49)
*  4638+ 1180                            9.0360        5.1716   117922   42.77%
*  4638+ 1180                            8.9781        5.1716   117922   42.40%
*  7883  2660      integral     0        8.6929        5.5858   180182   35.74%
*  7980  2633      integral     0        8.6349        5.6716   182453   34.32%
  13658  4055        7.2852    34        8.6349        6.2602   281878   27.50%
  19840  4649        7.8497    34        8.6349        6.5858   393907   23.73%
  26359  4734        6.7929    27        8.6349        6.7639   499701   21.67%
  33558  3837        7.2606    27        8.6349        7.1426   605229   17.28%
  42078  2070        8.0279    25        8.6349        7.5213   723574   12.90%

Cover cuts applied:  5
Implied bound cuts applied:  232
Flow cuts applied:  47
Mixed integer rounding cuts applied:  138
Multi commodity flow cuts applied:  1
Gomory fractional cuts applied:  53

Root node processing (before b&c):
  Real time             =    0.10
Parallel b&c, 4 threads:
  Real time             =    7.00
  Sync time (average)   =    0.01
  Wait time (average)   =    0.00
                          -------
Total (root+branch&cut) =    7.10 sec.
STATUS : Optimal
Solution status = Optimal
 Number of constraints = 670
Solution value  = 8.63494
c(0)=3.11365 c(1)=8.63494 c(2)=4.69944 c(3)=0.763932 c(4)=6.2273 c(5)=0.763932 c(6)=6.28522 c(7)=2.34972 c(8)=7.81309 c(9)=3.87758 c(10)=7.87101 c(11)=3.9355 c(12)=0 c(13)=5.46337 c(14)=1.52786 c(15)=5.52129 c(16)=1.58579 c(17)=7.04916 c(18)=3.11365 c(19)=8.63494 c(20)=3.17157 c(21)=8.63494 c(22)=4.69944 c(23)=0.763932 c(24)=6.28522 
